"Timestamp","PM92-24 MSSB.04-01 15 Min Meter Extended Trend Log","PM92-25 MSSB.04-02 15 Min Meter Extended Trend Log","PM92-26 MSSB.04-03 15 Min Meter Extended Trend Log","PM92-27 MSSB.04-04 15 Min Meter Extended Trend Log"
"23/03/2020 2:30:00 PM","4.97","6.78","9.31","5.31"
"23/03/2020 2:15:00 PM","4.97","6.66","9.25","5.38"
"23/03/2020 2:00:00 PM","4.97","6.34","9.34","5.33"
"23/03/2020 1:45:00 PM","4.72","6.09","9.00","5.23"
"23/03/2020 1:30:00 PM","4.94","6.09","9.22","5.28"
"23/03/2020 1:15:00 PM","4.97","6.31","9.47","5.31"
"23/03/2020 1:00:00 PM","4.69","6.69","9.28","5.34"
"23/03/2020 12:45:00 PM","4.63","6.75","9.44","5.11"
"23/03/2020 12:30:00 PM","4.50","6.25","9.19","5.42"
"23/03/2020 12:15:00 PM","4.44","5.97","8.59","4.88"
"23/03/2020 12:00:00 PM","4.22","5.81","8.63","4.91"
"23/03/2020 11:45:00 AM","4.09","5.84","8.50","5.13"
"23/03/2020 11:30:00 AM","4.50","6.00","8.16","4.84"
"23/03/2020 11:15:00 AM","4.97","5.72","7.81","4.88"
"23/03/2020 11:00:00 AM","4.81","5.63","7.66","5.11"
"23/03/2020 10:45:00 AM","4.41","5.63","7.75","4.92"
"23/03/2020 10:30:00 AM","4.50","4.81","7.59","5.02"
"23/03/2020 10:15:00 AM","4.28","4.50","8.03","5.06"
"23/03/2020 10:00:00 AM","4.50","4.72","8.03","4.88"
"23/03/2020 9:45:00 AM","4.66","5.13","8.22","4.72"
"23/03/2020 9:30:00 AM","4.31","5.31","8.25","5.05"
"23/03/2020 9:15:00 AM","4.50","4.47","8.25","4.58"
"23/03/2020 9:00:00 AM","4.41","4.50","7.81","4.61"
"23/03/2020 8:45:00 AM","3.72","4.75","7.47","4.77"
"23/03/2020 8:30:00 AM","4.13","4.56","7.75","4.98"
"23/03/2020 8:15:00 AM","3.59","4.47","7.03","4.53"
"23/03/2020 8:00:00 AM","3.75","4.41","6.59","3.53"
"23/03/2020 7:45:00 AM","3.72","4.47","6.28","3.77"
"23/03/2020 7:30:00 AM","3.72","4.34","6.25","3.78"
"23/03/2020 7:15:00 AM","3.28","3.88","6.03","3.80"
"23/03/2020 7:00:00 AM","3.78","3.78","5.97","3.63"
"23/03/2020 6:45:00 AM","4.16","3.88","6.13","3.67"
"23/03/2020 6:30:00 AM","4.34","4.16","6.97","3.86"
"23/03/2020 6:15:00 AM","4.22","4.34","6.91","3.73"
"23/03/2020 6:00:00 AM","3.72","4.78","6.75","3.77"
"23/03/2020 5:45:00 AM","3.81","4.94","6.03","3.11"
"23/03/2020 5:30:00 AM","3.00","3.44","4.94","3.05"
"23/03/2020 5:15:00 AM","2.38","2.00","5.19","2.55"
"23/03/2020 5:00:00 AM","1.75","1.75","5.78","2.56"
"23/03/2020 4:45:00 AM","1.66","2.59","6.09","2.66"
"23/03/2020 4:30:00 AM","2.53","2.84","5.63","2.64"
"23/03/2020 4:15:00 AM","2.81","2.59","5.56","2.86"
"23/03/2020 4:00:00 AM","2.16","2.03","4.59","3.27"
"23/03/2020 3:45:00 AM","1.19","1.34","3.91","2.36"
"23/03/2020 3:30:00 AM","1.06","1.38","3.84","1.39"
"23/03/2020 3:15:00 AM","0.88","1.09","3.69","1.19"
"23/03/2020 3:00:00 AM","0.72","1.22","3.59","1.42"
"23/03/2020 2:45:00 AM","0.59","1.13","3.63","1.25"
"23/03/2020 2:30:00 AM","0.72","1.19","3.66","1.05"
"23/03/2020 2:15:00 AM","0.69","1.19","3.63","1.36"
"23/03/2020 2:00:00 AM","0.66","1.19","3.66","1.27"
"23/03/2020 1:45:00 AM","0.91","1.06","3.69","1.02"
"23/03/2020 1:30:00 AM","0.50","1.19","3.69","1.25"
"23/03/2020 1:15:00 AM","0.75","1.19","3.53","0.98"
"23/03/2020 1:00:00 AM","0.59","1.22","3.41","1.45"
"23/03/2020 12:45:00 AM","0.66","1.09","3.56","2.41"
"23/03/2020 12:30:00 AM","0.69","1.19","3.66","2.23"
"23/03/2020 12:15:00 AM","0.72","1.13","3.63","1.94"
"23/03/2020 12:00:00 AM","0.78","1.19","3.56","2.16"
"22/03/2020 11:45:00 PM","1.03","1.22","3.59","1.94"
"22/03/2020 11:30:00 PM","1.13","1.13","3.72","1.64"
"22/03/2020 11:15:00 PM","0.91","1.22","3.63","1.86"
"22/03/2020 11:00:00 PM","1.03","1.25","3.53","1.06"
"22/03/2020 10:45:00 PM","1.06","1.09","3.22","0.72"
"22/03/2020 10:30:00 PM","1.09","1.13","3.25","0.95"
"22/03/2020 10:15:00 PM","0.94","1.25","3.22","0.69"
"22/03/2020 10:00:00 PM","1.13","1.09","3.09","0.70"
"22/03/2020 9:45:00 PM","0.94","1.16","3.63","1.52"
"22/03/2020 9:30:00 PM","1.00","1.22","3.59","1.30"
"22/03/2020 9:15:00 PM","1.06","1.16","3.69","2.09"
"22/03/2020 9:00:00 PM","1.13","1.25","3.44","2.48"
"22/03/2020 8:45:00 PM","0.97","1.25","3.81","1.89"
"22/03/2020 8:30:00 PM","1.16","1.22","3.63","1.95"
"22/03/2020 8:15:00 PM","0.88","1.19","3.97","2.23"
"22/03/2020 8:00:00 PM","1.06","1.19","4.06","1.63"
"22/03/2020 7:45:00 PM","1.06","1.25","4.25","1.81"
"22/03/2020 7:30:00 PM","0.91","1.16","4.25","2.03"
"22/03/2020 7:15:00 PM","1.03","1.22","4.38","2.69"
"22/03/2020 7:00:00 PM","1.03","1.22","4.78","3.14"
"22/03/2020 6:45:00 PM","1.09","1.28","4.63","3.69"
"22/03/2020 6:30:00 PM","1.00","1.22","4.72","3.34"
"22/03/2020 6:15:00 PM","1.81","1.25","4.78","3.27"
"22/03/2020 6:00:01 PM","1.59","1.25","4.59","3.69"
"22/03/2020 6:00:00 PM","1.59","1.25","4.84","3.14"
"22/03/2020 5:45:00 PM","1.81","1.31","4.84","3.14"
"22/03/2020 5:30:00 PM","1.84","1.34","4.69","3.55"
"22/03/2020 5:15:00 PM","2.38","1.50","5.06","3.84"
"22/03/2020 5:00:00 PM","2.63","1.72","4.84","3.41"
"22/03/2020 4:45:00 PM","2.41","2.13","5.13","3.83"
"22/03/2020 4:30:00 PM","2.47","2.03","5.22","3.47"
"22/03/2020 4:15:00 PM","2.63","1.53","4.94","3.44"
"22/03/2020 4:00:00 PM","2.31","1.53","5.09","3.64"
"22/03/2020 3:45:00 PM","2.53","1.59","5.59","3.56"
"22/03/2020 3:30:00 PM","2.47","1.75","5.19","3.58"
"22/03/2020 3:15:00 PM","2.88","1.63","5.28","3.63"
"22/03/2020 3:00:00 PM","2.97","1.56","5.16","3.56"
"22/03/2020 2:45:00 PM","2.94","1.59","4.78","3.00"
"22/03/2020 2:30:00 PM","3.06","1.75","5.50","3.58"
"22/03/2020 2:15:00 PM","2.72","1.72","5.19","3.48"
"22/03/2020 2:00:00 PM","2.47","1.63","5.34","3.38"
"22/03/2020 1:45:00 PM","2.59","1.66","5.50","3.20"
"22/03/2020 1:30:00 PM","2.41","1.72","4.97","3.42"
"22/03/2020 1:15:00 PM","2.59","1.63","5.03","3.64"
"22/03/2020 1:00:00 PM","2.50","1.66","5.16","3.41"
"22/03/2020 12:45:00 PM","2.38","1.75","5.19","3.25"
"22/03/2020 12:30:00 PM","2.44","1.56","5.44","3.11"
"22/03/2020 12:15:00 PM","2.47","1.63","5.78","3.14"
"22/03/2020 12:00:00 PM","2.41","1.75","6.28","2.91"
"22/03/2020 11:45:00 AM","2.38","1.56","5.69","3.31"
"22/03/2020 11:30:00 AM","2.38","1.72","5.81","3.17"
"22/03/2020 11:15:00 AM","2.47","1.69","5.91","2.97"
"22/03/2020 11:00:00 AM","2.47","1.66","5.81","2.94"
"22/03/2020 10:45:00 AM","2.34","1.69","5.69","2.47"
"22/03/2020 10:30:00 AM","2.34","1.50","5.81","2.73"
"22/03/2020 10:15:00 AM","2.28","1.59","5.72","2.80"
"22/03/2020 10:00:00 AM","1.72","1.50","5.63","2.36"
"22/03/2020 9:45:00 AM","1.59","1.38","5.69","2.55"
"22/03/2020 9:30:00 AM","1.75","1.41","5.75","2.22"
"22/03/2020 9:15:00 AM","1.31","1.19","5.38","1.80"
"22/03/2020 9:00:00 AM","1.19","1.19","5.34","1.88"
"22/03/2020 8:45:00 AM","1.41","1.31","4.31","1.41"
"22/03/2020 8:30:00 AM","1.69","1.50","3.97","0.67"
"22/03/2020 8:15:00 AM","1.34","1.22","3.59","0.97"
"22/03/2020 8:00:00 AM","0.94","1.22","3.72","0.73"
"22/03/2020 7:45:00 AM","1.06","1.22","3.81","1.58"
"22/03/2020 7:30:00 AM","1.00","1.31","4.06","2.44"
"22/03/2020 7:15:00 AM","1.06","1.06","3.75","2.14"
"22/03/2020 7:00:00 AM","1.16","1.25","4.06","1.91"
"22/03/2020 6:45:00 AM","0.84","1.16","3.75","2.09"
"22/03/2020 6:30:00 AM","0.91","1.19","4.13","1.72"
"22/03/2020 6:15:00 AM","0.59","1.25","3.84","1.63"
"22/03/2020 6:00:00 AM","0.63","1.25","4.16","1.73"
"22/03/2020 5:45:00 AM","0.75","1.13","3.53","1.02"
"22/03/2020 5:30:00 AM","0.66","1.16","3.28","0.69"
"22/03/2020 5:15:00 AM","0.88","1.25","3.19","1.02"
"22/03/2020 5:00:00 AM","0.56","1.25","3.25","0.66"
"22/03/2020 4:45:00 AM","0.69","1.09","3.25","0.69"
"22/03/2020 4:30:00 AM","0.81","1.16","3.13","1.02"
"22/03/2020 4:15:00 AM","0.59","1.22","3.19","0.64"
"22/03/2020 4:00:00 AM","0.75","1.16","3.16","0.73"
"22/03/2020 3:45:00 AM","0.66","1.25","3.47","0.84"
"22/03/2020 3:30:00 AM","0.88","1.22","3.13","0.75"
"22/03/2020 3:15:00 AM","0.59","1.22","3.28","0.63"
"22/03/2020 3:00:00 AM","0.81","1.16","3.16","0.91"
"22/03/2020 2:45:00 AM","0.63","1.25","3.25","0.63"
"22/03/2020 2:30:00 AM","0.69","1.25","3.41","1.00"
"22/03/2020 2:15:00 AM","0.84","1.25","3.16","0.98"
"22/03/2020 2:00:00 AM","0.56","1.19","3.19","1.03"
"22/03/2020 1:45:00 AM","0.78","1.25","3.44","0.63"
"22/03/2020 1:30:00 AM","0.66","1.25","3.06","1.00"
"22/03/2020 1:15:00 AM","0.88","1.25","3.22","0.80"
"22/03/2020 1:00:00 AM","0.56","1.19","3.28","0.64"
"22/03/2020 12:45:00 AM","0.69","1.28","3.16","0.95"
"22/03/2020 12:30:00 AM","0.75","1.19","3.31","0.83"
"22/03/2020 12:15:00 AM","0.72","1.19","3.09","0.63"
"22/03/2020 12:00:00 AM","0.78","1.16","3.31","0.94"
"21/03/2020 11:45:00 PM","1.03","1.28","3.31","0.84"
"21/03/2020 11:30:00 PM","1.03","1.31","3.16","0.66"
"21/03/2020 11:15:00 PM","1.19","1.22","3.16","0.95"
"21/03/2020 11:00:00 PM","0.88","1.09","3.25","0.86"
"21/03/2020 10:45:00 PM","1.06","1.25","3.13","0.64"
"21/03/2020 10:30:00 PM","1.06","1.31","3.34","1.13"
"21/03/2020 10:15:00 PM","0.97","1.25","3.06","2.22"
"21/03/2020 10:00:00 PM","1.09","1.19","3.25","2.00"
"21/03/2020 9:45:00 PM","1.13","1.25","3.31","2.31"
"21/03/2020 9:30:00 PM","0.94","1.41","3.13","2.22"
"21/03/2020 9:15:00 PM","1.13","1.44","3.69","2.06"
"21/03/2020 9:00:00 PM","1.03","1.44","4.03","2.47"
"21/03/2020 8:45:00 PM","1.06","1.25","4.41","3.17"
"21/03/2020 8:30:00 PM","1.06","1.38","4.50","2.78"
"21/03/2020 8:15:00 PM","1.00","1.56","4.69","3.27"
"21/03/2020 8:00:00 PM","1.16","1.53","4.47","3.11"
"21/03/2020 7:45:00 PM","0.94","1.41","4.88","3.19"
"21/03/2020 7:30:00 PM","1.06","1.19","4.81","3.63"
"21/03/2020 7:15:00 PM","1.22","1.25","4.81","3.38"
"21/03/2020 7:00:00 PM","1.09","1.16","4.81","3.11"
"21/03/2020 6:45:00 PM","1.25","1.22","4.81","3.30"
"21/03/2020 6:30:00 PM","1.53","1.25","4.66","3.53"
"21/03/2020 6:15:00 PM","1.81","1.25","4.97","3.48"
"21/03/2020 6:00:00 PM","1.81","1.25","4.81","3.56"
"21/03/2020 5:45:00 PM","1.75","1.31","4.94","3.80"
"21/03/2020 5:30:00 PM","2.16","1.28","5.06","3.22"
"21/03/2020 5:15:00 PM","2.19","1.63","5.19","3.66"
"21/03/2020 5:00:01 PM","2.50","1.81","5.53","3.47"
"21/03/2020 4:45:00 PM","2.63","1.91","5.69","3.41"
"21/03/2020 4:30:00 PM","2.44","1.84","5.50","3.39"
"21/03/2020 4:15:00 PM","2.66","1.78","5.53","3.30"
"21/03/2020 4:00:00 PM","2.41","1.75","5.78","3.45"
"21/03/2020 3:45:00 PM","2.53","1.84","5.81","3.44"
"21/03/2020 3:30:00 PM","2.50","1.84","5.84","3.19"
"21/03/2020 3:15:00 PM","2.75","1.84","5.50","3.27"
"21/03/2020 3:00:00 PM","3.00","1.84","5.69","3.19"
"21/03/2020 2:45:00 PM","2.94","1.84","5.56","3.20"
"21/03/2020 2:30:00 PM","2.53","1.75","5.50","2.80"
"21/03/2020 2:15:00 PM","2.63","1.72","5.56","2.66"
"21/03/2020 2:00:00 PM","2.66","1.75","5.34","2.67"
"21/03/2020 1:45:00 PM","2.75","1.84","5.47","3.44"
"21/03/2020 1:30:00 PM","2.72","1.81","5.50","3.47"
"21/03/2020 1:15:00 PM","2.84","1.81","5.38","3.41"
"21/03/2020 1:00:00 PM","2.66","1.75","5.34","3.25"
"21/03/2020 12:45:00 PM","2.75","1.75","5.44","3.23"
"21/03/2020 12:30:00 PM","2.94","1.75","5.13","3.31"
"21/03/2020 12:15:00 PM","2.88","1.72","5.47","3.17"
"21/03/2020 12:00:00 PM","2.75","1.78","5.63","3.33"
"21/03/2020 11:45:00 AM","2.91","1.72","5.88","3.22"
"21/03/2020 11:30:00 AM","2.81","1.72","5.69","3.20"
"21/03/2020 11:15:00 AM","2.22","1.75","5.00","3.06"
"21/03/2020 11:00:00 AM","1.97","1.69","4.91","2.66"
"21/03/2020 10:45:00 AM","2.25","1.78","4.97","3.22"
"21/03/2020 10:30:00 AM","2.25","2.13","4.72","2.84"
"21/03/2020 10:15:00 AM","2.28","2.31","4.91","2.84"
"21/03/2020 10:00:00 AM","2.31","1.91","4.38","2.80"
"21/03/2020 9:45:00 AM","2.28","1.88","4.44","3.02"
"21/03/2020 9:30:00 AM","2.25","1.94","4.31","2.64"
"21/03/2020 9:15:00 AM","2.06","1.84","4.13","2.52"
"21/03/2020 9:00:00 AM","1.28","1.56","4.03","2.41"
"21/03/2020 8:45:00 AM","1.38","1.47","3.66","2.28"
"21/03/2020 8:30:00 AM","1.13","1.38","3.88","1.48"
"21/03/2020 8:15:00 AM","1.03","1.25","3.75","1.67"
"21/03/2020 8:00:00 AM","1.06","1.25","3.75","1.53"
"21/03/2020 7:45:00 AM","1.03","1.16","3.22","0.56"
"21/03/2020 7:30:00 AM","1.03","1.28","3.38","0.83"
"21/03/2020 7:15:00 AM","1.06","1.22","3.25","0.98"
"21/03/2020 7:00:00 AM","1.00","1.22","3.63","1.95"
"21/03/2020 6:45:00 AM","1.16","1.25","3.69","2.09"
"21/03/2020 6:30:00 AM","0.78","1.28","3.59","2.16"
"21/03/2020 6:15:00 AM","0.69","1.19","3.72","2.22"
"21/03/2020 6:00:00 AM","0.69","1.16","3.66","2.05"
"21/03/2020 5:45:00 AM","0.75","1.19","3.63","1.78"
"21/03/2020 5:30:00 AM","0.63","1.31","3.34","1.72"
"21/03/2020 5:15:00 AM","0.94","1.28","3.44","1.41"
"21/03/2020 5:00:00 AM","0.84","1.25","3.03","0.89"
"21/03/2020 4:45:00 AM","1.09","1.25","2.81","0.88"
"21/03/2020 4:30:01 AM","0.91","1.28","3.06","0.73"
"21/03/2020 4:30:00 AM","0.91","1.28","3.06","0.81"
"21/03/2020 4:15:00 AM","0.66","1.16","3.34","0.81"
"21/03/2020 4:00:00 AM","0.78","1.28","3.50","0.86"
"21/03/2020 3:45:00 AM","0.66","1.31","3.44","0.64"
"21/03/2020 3:30:00 AM","0.84","1.28","3.47","0.83"
"21/03/2020 3:15:00 AM","0.56","1.13","3.34","1.00"
"21/03/2020 3:00:00 AM","0.78","1.31","3.44","0.52"
"21/03/2020 2:45:00 AM","0.75","1.28","3.13","1.02"
"21/03/2020 2:30:00 AM","0.63","1.28","3.38","0.47"
"21/03/2020 2:15:00 AM","0.78","1.25","3.22","0.81"
"21/03/2020 2:00:00 AM","0.72","1.28","3.28","0.84"
"21/03/2020 1:45:00 AM","0.88","1.25","3.25","0.81"
"21/03/2020 1:30:00 AM","0.59","1.31","3.19","1.06"
"21/03/2020 1:15:00 AM","0.72","1.31","3.06","0.70"
"21/03/2020 1:00:00 AM","0.72","1.34","3.00","1.05"
"21/03/2020 12:45:00 AM","0.69","1.22","3.13","0.70"
"21/03/2020 12:30:00 AM","1.19","1.38","3.13","1.75"
"21/03/2020 12:15:00 AM","1.88","2.00","3.56","2.88"
"21/03/2020 12:00:00 AM","2.47","1.94","3.63","2.61"
"20/03/2020 11:45:00 PM","2.19","1.72","3.56","2.86"
"20/03/2020 11:30:00 PM","2.31","1.75","3.66","2.23"
"20/03/2020 11:15:00 PM","3.13","2.03","3.97","2.66"
"20/03/2020 11:00:00 PM","4.50","2.88","4.09","2.69"
"20/03/2020 10:45:00 PM","4.19","2.59","4.41","2.64"
"20/03/2020 10:30:00 PM","3.59","1.97","3.94","2.84"
"20/03/2020 10:15:00 PM","4.00","2.25","3.97","2.94"
"20/03/2020 10:00:00 PM","3.66","2.47","4.16","2.53"
"20/03/2020 9:45:00 PM","3.13","2.59","4.00","2.67"
"20/03/2020 9:30:00 PM","3.38","2.53","4.16","2.69"
"20/03/2020 9:15:00 PM","3.56","2.97","4.22","2.67"
"20/03/2020 9:00:00 PM","3.56","3.06","4.22","2.50"
"20/03/2020 8:45:00 PM","3.94","3.34","4.19","2.45"
"20/03/2020 8:30:00 PM","3.50","3.19","4.97","2.36"
"20/03/2020 8:15:00 PM","3.59","3.16","5.03","3.27"
"20/03/2020 8:00:00 PM","3.72","3.06","4.78","3.16"
"20/03/2020 7:45:00 PM","4.19","3.09","5.31","3.00"
"20/03/2020 7:30:00 PM","3.78","3.22","5.63","2.97"
"20/03/2020 7:15:00 PM","4.00","4.06","5.69","2.88"
"20/03/2020 7:00:00 PM","3.97","4.66","5.78","2.72"
"20/03/2020 6:45:00 PM","3.81","4.50","6.09","2.39"
"20/03/2020 6:30:00 PM","4.25","4.94","5.78","1.69"
"20/03/2020 6:15:00 PM","4.41","5.31","5.88","1.78"
"20/03/2020 6:00:00 PM","4.41","5.28","6.50","4.00"
"20/03/2020 5:45:00 PM","3.44","4.09","6.56","4.19"
"20/03/2020 5:30:00 PM","5.06","6.06","8.28","4.64"
"20/03/2020 5:15:00 PM","5.72","6.25","8.38","4.67"
"20/03/2020 5:00:00 PM","6.34","6.44","8.22","4.84"
"20/03/2020 4:45:00 PM","6.09","7.06","8.31","4.89"
"20/03/2020 4:30:00 PM","6.00","6.94","8.34","4.83"
"20/03/2020 4:15:00 PM","6.19","6.88","8.47","4.89"
"20/03/2020 4:00:01 PM","6.00","7.16","8.31","4.94"
"20/03/2020 4:00:00 PM","6.16","7.19","8.31","4.94"
"20/03/2020 3:45:00 PM","6.16","7.19","8.59","4.91"
"20/03/2020 3:30:00 PM","5.59","6.91","8.50","4.97"
"20/03/2020 3:15:00 PM","5.91","6.78","8.53","4.94"
"20/03/2020 3:00:00 PM","5.78","6.78","8.75","4.94"
"20/03/2020 2:45:00 PM","6.16","7.06","8.69","4.92"
"20/03/2020 2:30:00 PM","5.72","6.88","8.66","4.89"
"20/03/2020 2:15:00 PM","6.19","6.97","8.00","4.92"
"20/03/2020 2:00:00 PM","5.66","7.09","8.13","4.86"
"20/03/2020 1:45:00 PM","5.91","7.41","8.00","4.86"
"20/03/2020 1:30:00 PM","5.44","6.84","8.16","4.86"
"20/03/2020 1:15:00 PM","5.50","6.66","8.09","4.94"
"20/03/2020 1:00:00 PM","5.47","6.47","7.97","4.91"
"20/03/2020 12:45:00 PM","5.25","6.59","7.88","4.92"
"20/03/2020 12:30:00 PM","5.00","6.72","8.25","4.92"
"20/03/2020 12:15:00 PM","5.19","6.72","8.16","5.09"
"20/03/2020 12:00:00 PM","4.91","6.66","8.06","5.17"
"20/03/2020 11:45:00 AM","4.75","6.53","8.59","5.16"
"20/03/2020 11:30:00 AM","4.84","6.78","8.50","5.03"
"20/03/2020 11:15:00 AM","5.25","6.47","8.00","5.09"
"20/03/2020 11:00:00 AM","5.13","5.84","7.72","5.02"
"20/03/2020 10:45:00 AM","5.19","5.16","7.75","4.84"
"20/03/2020 10:30:00 AM","4.50","4.72","7.63","4.95"
"20/03/2020 10:15:00 AM","4.34","4.81","7.34","5.08"
"20/03/2020 10:00:00 AM","4.19","4.84","6.97","4.94"
"20/03/2020 9:45:00 AM","4.09","4.72","7.00","4.94"
"20/03/2020 9:30:00 AM","3.38","4.31","6.66","4.88"
"20/03/2020 9:15:00 AM","3.00","4.13","7.31","4.78"
"20/03/2020 9:00:00 AM","2.91","3.78","6.94","4.75"
"20/03/2020 8:45:00 AM","2.75","3.75","6.75","4.89"
"20/03/2020 8:30:00 AM","2.72","3.31","6.34","4.77"
"20/03/2020 8:15:00 AM","2.59","2.94","6.50","4.78"
"20/03/2020 8:00:00 AM","2.34","2.88","6.34","4.19"
"20/03/2020 7:45:00 AM","2.53","2.91","5.81","4.16"
"20/03/2020 7:30:00 AM","2.50","2.88","5.56","4.02"
"20/03/2020 7:15:00 AM","3.16","3.31","5.94","3.95"
"20/03/2020 7:00:00 AM","3.69","5.16","6.13","3.84"
"20/03/2020 6:45:00 AM","3.94","6.44","6.69","3.81"
"20/03/2020 6:30:00 AM","4.28","6.88","7.22","4.00"
"20/03/2020 6:15:00 AM","4.13","5.09","7.34","3.95"
"20/03/2020 6:00:00 AM","3.03","4.06","6.34","3.58"
"20/03/2020 5:45:00 AM","3.09","3.88","5.59","3.45"
"20/03/2020 5:30:00 AM","3.16","3.22","4.69","3.31"
"20/03/2020 5:15:00 AM","2.56","2.34","4.69","2.86"
"20/03/2020 5:00:00 AM","1.78","2.13","5.41","2.81"
"20/03/2020 4:45:00 AM","2.00","2.34","5.72","2.78"
"20/03/2020 4:30:00 AM","2.66","2.31","5.78","2.94"
"20/03/2020 4:15:00 AM","3.13","2.56","5.13","3.06"
"20/03/2020 4:00:00 AM","1.88","2.31","4.75","3.03"
"20/03/2020 3:45:00 AM","1.47","1.72","3.69","2.47"
"20/03/2020 3:30:01 AM","1.16","1.41","3.47","1.22"
"20/03/2020 3:30:00 AM","0.84","1.19","3.22","1.22"
"20/03/2020 3:15:00 AM","0.84","1.19","3.22","0.69"
"20/03/2020 3:00:00 AM","0.75","1.31","3.44","0.86"
"20/03/2020 2:45:00 AM","0.81","1.25","3.44","0.84"
"20/03/2020 2:30:00 AM","0.72","1.31","3.50","0.86"
"20/03/2020 2:15:00 AM","0.81","1.34","3.84","1.28"
"20/03/2020 2:00:00 AM","0.97","1.31","4.22","1.50"
"20/03/2020 1:45:00 AM","0.56","1.28","4.50","1.36"
"20/03/2020 1:30:00 AM","0.81","1.31","4.22","1.31"
"20/03/2020 1:15:00 AM","0.75","1.31","4.13","1.48"
"20/03/2020 1:00:00 AM","0.94","1.38","4.03","1.45"
"20/03/2020 12:45:00 AM","1.25","1.56","4.28","2.02"
"20/03/2020 12:30:00 AM","1.59","1.47","4.28","2.53"
"20/03/2020 12:15:00 AM","1.69","1.78","4.25","2.64"
"20/03/2020 12:00:00 AM","1.59","1.78","4.28","2.48"
"19/03/2020 11:45:00 PM","1.50","1.97","4.28","2.47"
"19/03/2020 11:30:00 PM","2.19","2.56","4.53","2.36"
"19/03/2020 11:15:00 PM","2.72","2.47","4.50","2.33"
"19/03/2020 11:00:00 PM","2.63","2.31","4.72","2.20"
"19/03/2020 10:45:00 PM","2.84","2.50","4.19","1.48"
"19/03/2020 10:30:00 PM","2.59","2.25","4.31","2.61"
"19/03/2020 10:15:00 PM","2.66","2.53","4.94","2.81"
"19/03/2020 10:00:00 PM","2.69","2.88","4.81","2.77"
"19/03/2020 9:45:00 PM","3.00","3.06","5.25","2.77"
"19/03/2020 9:30:00 PM","2.81","3.47","5.38","2.91"
"19/03/2020 9:15:00 PM","2.94","3.75","5.72","2.95"
"19/03/2020 9:00:00 PM","2.91","4.09","5.50","3.16"
"19/03/2020 8:45:00 PM","2.84","4.53","6.09","3.33"
"19/03/2020 8:30:00 PM","2.66","4.75","5.91","2.91"
"19/03/2020 8:15:00 PM","2.63","4.56","6.41","2.89"
"19/03/2020 8:00:00 PM","2.91","4.63","6.09","3.00"
"19/03/2020 7:45:00 PM","2.78","4.50","6.41","3.31"
"19/03/2020 7:30:00 PM","3.31","4.97","6.91","3.28"
"19/03/2020 7:15:00 PM","3.38","4.88","7.03","3.31"
"19/03/2020 7:00:00 PM","3.63","5.31","7.22","3.30"
"19/03/2020 6:45:00 PM","3.69","5.25","6.72","3.25"
"19/03/2020 6:30:00 PM","4.34","5.94","6.91","2.64"
"19/03/2020 6:15:00 PM","4.72","6.34","6.22","1.78"
"19/03/2020 6:00:00 PM","4.66","6.06","6.88","4.27"
"19/03/2020 5:45:00 PM","3.56","4.63","6.16","4.45"
"19/03/2020 5:30:00 PM","5.16","6.84","7.97","4.91"
"19/03/2020 5:15:00 PM","5.59","7.03","8.44","4.94"
"19/03/2020 5:00:00 PM","5.66","7.06","8.41","4.92"
"19/03/2020 4:45:00 PM","6.22","7.47","8.53","4.94"
"19/03/2020 4:30:00 PM","6.53","7.44","8.41","4.95"
"19/03/2020 4:15:00 PM","6.81","7.47","8.50","4.97"
"19/03/2020 4:00:00 PM","6.72","7.50","8.56","5.11"
"19/03/2020 3:45:00 PM","6.03","7.56","9.06","5.09"
"19/03/2020 3:30:00 PM","5.53","7.47","8.94","4.94"
"19/03/2020 3:15:00 PM","5.69","7.47","8.84","4.88"
"19/03/2020 3:00:01 PM","5.41","7.47","8.59","4.97"
"19/03/2020 3:00:00 PM","5.19","7.53","8.59","4.97"
"19/03/2020 2:45:00 PM","5.19","7.53","7.88","5.31"
"19/03/2020 2:30:00 PM","6.16","7.44","8.53","5.14"
"19/03/2020 2:15:00 PM","6.41","7.31","8.38","5.03"
"19/03/2020 2:00:00 PM","6.50","7.16","8.47","4.91"
"19/03/2020 1:45:00 PM","5.94","7.09","8.09","5.03"
"19/03/2020 1:30:00 PM","5.91","7.03","8.22","5.13"
"19/03/2020 1:15:00 PM","5.91","6.63","8.06","5.08"
"19/03/2020 1:00:00 PM","5.81","6.63","8.78","4.91"
"19/03/2020 12:45:00 PM","6.03","6.81","8.53","5.20"
"19/03/2020 12:30:00 PM","5.50","6.63","8.66","4.81"
"19/03/2020 12:15:00 PM","5.06","6.41","8.63","5.08"
"19/03/2020 12:00:00 PM","4.94","6.38","8.59","5.19"
"19/03/2020 11:45:00 AM","4.50","6.72","8.47","5.13"
"19/03/2020 11:30:00 AM","4.78","6.88","8.41","5.06"
"19/03/2020 11:15:00 AM","5.25","5.56","7.63","5.08"
"19/03/2020 11:00:00 AM","5.25","4.91","7.47","5.08"
"19/03/2020 10:45:00 AM","4.59","4.22","7.38","5.19"
"19/03/2020 10:30:00 AM","4.34","3.97","7.88","5.16"
"19/03/2020 10:15:00 AM","3.63","3.88","7.75","4.94"
"19/03/2020 10:00:00 AM","3.47","3.97","7.81","5.03"
"19/03/2020 9:45:00 AM","3.56","3.94","7.19","5.14"
"19/03/2020 9:30:00 AM","3.81","3.63","7.28","5.16"
"19/03/2020 9:15:00 AM","3.19","3.34","7.00","5.14"
"19/03/2020 9:00:00 AM","2.66","3.41","6.97","5.02"
"19/03/2020 8:45:00 AM","2.69","3.38","6.78","5.03"
"19/03/2020 8:30:00 AM","2.53","3.38","6.84","5.02"
"19/03/2020 8:15:00 AM","2.44","3.28","6.44","5.09"
"19/03/2020 8:00:00 AM","2.47","3.09","6.38","4.91"
"19/03/2020 7:45:00 AM","2.50","2.81","6.59","4.92"
"19/03/2020 7:30:00 AM","2.53","2.72","6.22","3.92"
"19/03/2020 7:15:00 AM","2.31","2.81","6.22","3.83"
"19/03/2020 7:00:00 AM","2.84","2.78","6.06","3.83"
"19/03/2020 6:45:00 AM","3.03","2.84","6.88","3.81"
"19/03/2020 6:30:00 AM","3.28","3.63","7.22","3.67"
"19/03/2020 6:15:00 AM","2.88","3.69","7.31","3.58"
"19/03/2020 6:00:00 AM","2.72","3.19","6.81","3.34"
"19/03/2020 5:45:00 AM","2.84","3.28","6.41","3.09"
"19/03/2020 5:30:00 AM","2.31","4.25","5.28","3.36"
"19/03/2020 5:15:00 AM","2.81","4.06","5.41","2.91"
"19/03/2020 5:00:00 AM","2.41","3.03","6.03","2.86"
"19/03/2020 4:45:00 AM","1.91","2.06","6.63","2.84"
"19/03/2020 4:30:00 AM","2.50","2.47","7.09","2.94"
"19/03/2020 4:15:00 AM","2.94","2.84","6.72","3.42"
"19/03/2020 4:00:00 AM","2.03","2.22","5.56","3.58"
"19/03/2020 3:45:00 AM","1.44","1.72","4.72","2.66"
"19/03/2020 3:30:00 AM","1.16","1.28","4.50","1.56"
"19/03/2020 3:15:00 AM","0.78","1.34","4.16","0.58"
"19/03/2020 3:00:00 AM","0.78","1.31","3.91","0.86"
"19/03/2020 2:45:00 AM","0.97","1.28","4.13","0.81"
"19/03/2020 2:30:00 AM","0.53","1.31","4.03","0.84"
"19/03/2020 2:15:00 AM","0.81","1.31","4.16","0.84"
"19/03/2020 2:00:00 AM","0.78","1.28","4.38","1.38"
"19/03/2020 1:45:00 AM","0.81","1.31","4.31","1.42"
"19/03/2020 1:30:00 AM","0.69","1.28","4.28","1.41"
"19/03/2020 1:15:00 AM","0.81","1.31","4.22","2.14"
"19/03/2020 1:00:00 AM","0.75","1.28","4.53","2.67"
"19/03/2020 12:45:00 AM","0.94","1.34","4.56","2.72"
"19/03/2020 12:30:00 AM","1.22","1.47","4.78","2.94"
"19/03/2020 12:15:00 AM","1.56","1.59","5.13","2.98"
"19/03/2020 12:00:00 AM","1.97","1.56","5.25","3.00"
"18/03/2020 11:45:00 PM","1.59","1.56","5.19","2.91"
"18/03/2020 11:30:00 PM","2.38","2.03","4.75","2.78"
"18/03/2020 11:15:00 PM","3.81","3.03","5.25","2.67"
"18/03/2020 11:00:00 PM","3.66","3.13","5.19","2.44"
"18/03/2020 10:45:00 PM","2.84","2.56","5.03","1.25"
"18/03/2020 10:30:00 PM","3.00","2.34","5.34","1.98"
"18/03/2020 10:15:00 PM","2.84","2.50","5.28","2.69"
"18/03/2020 10:00:00 PM","3.28","3.16","5.59","2.81"
"18/03/2020 9:45:00 PM","3.13","3.16","5.81","3.13"
"18/03/2020 9:30:00 PM","3.66","2.75","5.63","3.17"
"18/03/2020 9:15:00 PM","3.69","2.81","5.63","3.23"
"18/03/2020 9:00:00 PM","3.78","2.66","5.91","3.19"
"18/03/2020 8:45:00 PM","3.81","2.63","5.84","3.02"
"18/03/2020 8:30:00 PM","3.78","2.69","5.31","2.95"
"18/03/2020 8:15:00 PM","3.69","2.97","5.78","3.19"
"18/03/2020 8:00:00 PM","3.94","3.59","6.31","3.19"
"18/03/2020 7:45:00 PM","3.88","3.31","6.25","3.14"
"18/03/2020 7:30:00 PM","3.72","3.06","6.28","3.08"
"18/03/2020 7:15:00 PM","3.78","4.09","6.25","3.28"
"18/03/2020 7:00:00 PM","3.78","5.00","7.16","3.38"
"18/03/2020 6:45:00 PM","4.25","5.47","7.91","3.44"
"18/03/2020 6:30:00 PM","4.38","6.16","8.00","3.05"
"18/03/2020 6:15:00 PM","4.31","6.28","7.13","1.72"
"18/03/2020 6:00:00 PM","4.22","6.00","6.94","4.23"
"18/03/2020 5:45:00 PM","3.72","4.16","6.16","4.33"
"18/03/2020 5:30:00 PM","5.47","5.84","7.78","4.70"
"18/03/2020 5:15:00 PM","5.94","5.63","7.81","4.78"
"18/03/2020 5:00:00 PM","6.31","5.53","8.25","4.84"
"18/03/2020 4:45:00 PM","6.03","5.44","7.66","4.94"
"18/03/2020 4:30:00 PM","5.97","5.72","8.13","4.92"
"18/03/2020 4:15:00 PM","6.47","6.03","7.97","4.81"
"18/03/2020 4:00:00 PM","6.28","6.03","8.13","4.83"
"18/03/2020 3:45:00 PM","6.44","6.06","8.56","4.88"
"18/03/2020 3:30:00 PM","6.31","6.13","8.53","5.11"
"18/03/2020 3:15:00 PM","6.34","6.38","8.81","5.08"
"18/03/2020 3:00:00 PM","6.47","6.50","9.13","5.08"
"18/03/2020 2:45:00 PM","6.16","7.19","8.81","4.91"
"18/03/2020 2:30:00 PM","6.38","7.38","8.97","4.80"
"18/03/2020 2:15:00 PM","6.25","7.13","8.97","4.91"
"18/03/2020 2:00:00 PM","6.41","7.53","8.75","5.00"
"18/03/2020 1:45:00 PM","6.25","7.28","9.09","4.97"
"18/03/2020 1:30:00 PM","6.44","7.06","8.84","4.89"
"18/03/2020 1:15:00 PM","5.06","7.09","8.75","4.78"
"18/03/2020 1:00:00 PM","4.72","7.00","8.53","4.83"
"18/03/2020 12:45:00 PM","4.84","6.72","8.41","4.81"
"18/03/2020 12:30:00 PM","5.31","6.78","8.47","4.97"
"18/03/2020 12:15:00 PM","5.41","6.34","7.91","5.00"
"18/03/2020 12:00:00 PM","6.00","5.81","7.72","4.98"
"18/03/2020 11:45:00 AM","6.09","5.69","7.97","4.86"
"18/03/2020 11:30:00 AM","5.31","6.06","8.19","4.78"
"18/03/2020 11:15:00 AM","4.47","6.31","8.03","4.83"
"18/03/2020 11:00:00 AM","5.06","6.09","8.19","4.89"
"18/03/2020 10:45:00 AM","5.41","6.31","8.13","5.08"
"18/03/2020 10:30:00 AM","5.03","6.19","7.84","5.00"
"18/03/2020 10:15:00 AM","4.81","6.16","7.91","5.05"
"18/03/2020 10:00:00 AM","4.97","5.81","8.00","5.03"
"18/03/2020 9:45:00 AM","6.13","5.16","7.78","5.08"
"18/03/2020 9:30:00 AM","5.78","4.91","7.41","5.23"
"18/03/2020 9:15:00 AM","5.44","3.59","7.16","5.05"
"18/03/2020 9:00:00 AM","4.16","3.22","7.13","4.86"
"18/03/2020 8:45:00 AM","4.56","3.22","6.97","4.94"
"18/03/2020 8:30:00 AM","4.16","3.22","7.03","4.95"
"18/03/2020 8:15:00 AM","3.63","3.25","6.59","5.06"
"18/03/2020 8:00:00 AM","2.63","3.78","6.59","4.89"
"18/03/2020 7:45:00 AM","3.53","3.94","6.94","4.86"
"18/03/2020 7:30:00 AM","3.69","3.50","7.38","4.73"
"18/03/2020 7:15:00 AM","3.47","3.22","8.03","4.28"
"18/03/2020 7:00:00 AM","3.09","2.91","7.22","3.98"
"18/03/2020 6:45:00 AM","3.47","2.91","6.31","3.97"
"18/03/2020 6:30:00 AM","3.22","3.03","6.22","3.94"
"18/03/2020 6:15:00 AM","3.09","3.09","6.88","3.91"
"18/03/2020 6:00:00 AM","3.06","3.69","6.44","3.45"
"18/03/2020 5:45:00 AM","2.28","3.69","6.03","3.34"
"18/03/2020 5:30:00 AM","2.09","3.16","5.28","3.53"
"18/03/2020 5:15:00 AM","2.28","2.84","4.91","3.05"
"18/03/2020 5:00:00 AM","2.69","2.66","5.06","3.20"
"18/03/2020 4:45:00 AM","3.94","2.94","5.63","3.28"
"18/03/2020 4:30:00 AM","3.25","2.59","6.75","3.06"
"18/03/2020 4:15:01 AM","2.22","2.28","6.50","3.08"
"18/03/2020 4:15:00 AM","2.22","2.28","6.50","2.73"
"18/03/2020 4:00:00 AM","1.91","2.25","5.16","2.73"
"18/03/2020 3:45:00 AM","1.31","1.59","4.34","2.44"
"18/03/2020 3:30:00 AM","1.25","1.38","4.06","1.70"
"18/03/2020 3:15:00 AM","0.81","1.28","3.94","0.86"
"18/03/2020 3:00:00 AM","0.69","1.25","3.66","0.92"
"18/03/2020 2:45:00 AM","0.81","1.25","3.81","1.02"
"18/03/2020 2:30:00 AM","0.75","1.28","3.69","0.97"
"18/03/2020 2:15:00 AM","0.78","1.31","3.75","1.05"
"18/03/2020 2:00:00 AM","0.72","1.28","4.19","1.17"
"18/03/2020 1:45:00 AM","0.91","1.22","4.09","1.77"
"18/03/2020 1:30:00 AM","0.72","1.22","4.16","2.53"
"18/03/2020 1:15:00 AM","0.72","1.25","4.19","2.45"
"18/03/2020 1:00:00 AM","0.81","1.31","4.50","2.38"
"18/03/2020 12:45:00 AM","0.84","1.34","4.34","2.30"
"18/03/2020 12:30:00 AM","1.31","1.44","4.72","2.31"
"18/03/2020 12:15:00 AM","1.84","1.59","4.56","2.33"
"18/03/2020 12:00:00 AM","1.84","1.59","4.66","2.48"
"17/03/2020 11:45:00 PM","1.56","1.34","4.41","1.58"
"17/03/2020 11:30:00 PM","1.50","1.69","3.72","0.91"
"17/03/2020 11:15:00 PM","1.59","1.88","3.97","0.88"
"17/03/2020 11:00:00 PM","2.06","1.88","4.06","1.36"
"17/03/2020 10:45:00 PM","2.22","1.72","4.22","1.44"
"17/03/2020 10:30:00 PM","1.97","1.66","4.72","2.34"
"17/03/2020 10:15:00 PM","1.78","1.72","4.75","2.48"
"17/03/2020 10:00:00 PM","1.56","1.91","4.78","2.48"
"17/03/2020 9:45:00 PM","1.47","2.00","4.66","2.50"
"17/03/2020 9:30:00 PM","2.03","2.06","5.34","2.42"
"17/03/2020 9:15:00 PM","2.56","2.00","5.25","2.67"
"17/03/2020 9:00:00 PM","2.34","2.09","5.25","2.50"
"17/03/2020 8:45:00 PM","2.63","2.16","5.41","2.41"
"17/03/2020 8:30:00 PM","3.09","2.38","4.97","1.95"
"17/03/2020 8:15:00 PM","2.91","2.75","5.69","2.98"
"17/03/2020 8:00:00 PM","3.31","2.78","6.59","3.02"
"17/03/2020 7:45:00 PM","3.25","3.63","6.56","3.27"
"17/03/2020 7:30:00 PM","3.34","4.03","6.69","3.45"
"17/03/2020 7:15:00 PM","3.22","4.28","6.75","3.47"
"17/03/2020 7:00:00 PM","3.56","5.00","7.13","3.08"
"17/03/2020 6:45:00 PM","3.53","5.25","7.47","3.33"
"17/03/2020 6:30:00 PM","3.72","5.13","7.25","2.78"
"17/03/2020 6:15:00 PM","3.34","4.94","6.72","1.81"
"17/03/2020 6:00:00 PM","3.19","4.69","6.75","4.31"
"17/03/2020 5:45:00 PM","2.84","4.28","6.16","4.42"
"17/03/2020 5:30:00 PM","4.56","6.06","8.41","4.80"
"17/03/2020 5:15:00 PM","4.72","5.88","8.88","4.73"
"17/03/2020 5:00:00 PM","5.97","5.78","8.72","4.69"
"17/03/2020 4:45:00 PM","6.25","5.81","8.88","4.86"
"17/03/2020 4:30:00 PM","5.97","5.88","8.63","4.84"
"17/03/2020 4:15:00 PM","5.13","6.59","8.75","4.77"
"17/03/2020 4:00:00 PM","5.16","6.97","8.94","4.77"
"17/03/2020 3:45:00 PM","5.16","6.91","9.09","4.97"
"17/03/2020 3:30:00 PM","5.25","7.31","8.97","4.83"
"17/03/2020 3:15:00 PM","5.56","7.31","8.66","5.09"
"17/03/2020 3:00:00 PM","5.72","7.03","8.53","5.11"
"17/03/2020 2:45:00 PM","5.72","6.56","8.81","5.09"
"17/03/2020 2:30:00 PM","5.53","6.69","8.66","5.06"
"17/03/2020 2:15:00 PM","6.31","6.88","8.69","5.05"
"17/03/2020 2:00:00 PM","6.44","6.81","8.66","4.88"
"17/03/2020 1:45:00 PM","6.41","6.19","8.81","4.92"
"17/03/2020 1:30:00 PM","6.31","5.84","8.66","4.83"
"17/03/2020 1:15:00 PM","6.03","6.09","8.34","4.75"
"17/03/2020 1:00:00 PM","6.25","6.25","7.94","4.97"
"17/03/2020 12:45:00 PM","6.09","6.75","7.69","5.06"
"17/03/2020 12:30:00 PM","6.28","7.00","7.75","5.03"
"17/03/2020 12:15:00 PM","5.66","6.03","7.53","5.02"
"17/03/2020 12:00:00 PM","5.31","5.13","7.50","4.98"
"17/03/2020 11:45:00 AM","5.31","5.09","7.44","5.09"
"17/03/2020 11:30:00 AM","5.00","5.16","7.53","5.23"
"17/03/2020 11:15:00 AM","4.72","5.22","7.41","5.31"
"17/03/2020 11:00:00 AM","4.53","5.34","7.59","5.14"
"17/03/2020 10:45:00 AM","4.63","5.28","7.81","5.17"
"17/03/2020 10:30:00 AM","5.03","4.97","7.75","5.06"
"17/03/2020 10:15:00 AM","5.97","5.19","7.84","5.06"
"17/03/2020 10:00:00 AM","6.03","6.03","8.03","5.09"
"17/03/2020 9:45:00 AM","5.78","6.78","7.72","5.23"
"17/03/2020 9:30:00 AM","5.31","5.75","7.25","4.75"
"17/03/2020 9:15:00 AM","4.84","5.28","6.44","4.98"
"17/03/2020 9:00:00 AM","4.47","4.38","6.09","4.92"
"17/03/2020 8:45:00 AM","3.50","4.09","6.06","4.88"
"17/03/2020 8:30:00 AM","3.16","3.84","6.47","4.86"
"17/03/2020 8:15:00 AM","3.25","3.38","6.31","4.86"
"17/03/2020 8:00:00 AM","3.13","3.34","6.72","4.86"
"17/03/2020 7:45:00 AM","3.88","3.28","6.28","4.81"
"17/03/2020 7:30:00 AM","4.41","2.94","6.50","4.97"
"17/03/2020 7:15:00 AM","3.78","3.00","6.59","4.86"
"17/03/2020 7:00:00 AM","3.13","3.13","6.69","3.92"
"17/03/2020 6:45:00 AM","2.78","3.56","6.81","3.83"
"17/03/2020 6:30:00 AM","3.16","3.97","6.34","3.69"
"17/03/2020 6:15:00 AM","2.97","4.44","5.81","3.94"
"17/03/2020 6:00:00 AM","2.81","5.00","5.97","3.48"
"17/03/2020 5:45:00 AM","3.13","4.06","5.34","3.25"
"17/03/2020 5:30:00 AM","2.97","2.91","5.03","2.84"
"17/03/2020 5:15:00 AM","2.59","2.53","5.03","2.56"
"17/03/2020 5:00:00 AM","3.03","2.34","5.63","2.80"
"17/03/2020 4:45:00 AM","2.63","3.06","5.56","2.80"
"17/03/2020 4:30:00 AM","2.19","2.97","6.09","2.55"
"17/03/2020 4:15:00 AM","2.00","2.72","5.78","3.11"
"17/03/2020 4:00:00 AM","1.72","2.09","4.53","3.25"
"17/03/2020 3:45:00 AM","1.28","1.66","4.03","1.92"
"17/03/2020 3:30:00 AM","1.13","1.31","3.78","1.34"
"17/03/2020 3:15:00 AM","0.81","1.28","3.47","1.09"
"17/03/2020 3:00:00 AM","0.75","1.13","3.56","0.64"
"17/03/2020 2:45:00 AM","0.69","1.25","3.56","0.78"
"17/03/2020 2:30:00 AM","0.69","1.22","4.00","1.48"
"17/03/2020 2:15:00 AM","0.81","1.22","4.16","1.23"
"17/03/2020 2:00:00 AM","0.66","1.28","4.06","1.19"
"17/03/2020 1:45:00 AM","0.66","1.19","4.22","1.36"
"17/03/2020 1:30:00 AM","0.75","1.28","4.19","1.17"
"17/03/2020 1:15:00 AM","1.22","1.28","4.44","2.34"
"17/03/2020 1:00:00 AM","1.56","1.22","4.50","2.31"
"17/03/2020 12:45:00 AM","1.44","1.41","4.41","2.17"
"17/03/2020 12:30:00 AM","1.47","1.34","4.59","1.94"
"17/03/2020 12:15:00 AM","2.16","1.72","4.84","1.83"
"17/03/2020 12:00:00 AM","2.59","1.91","4.44","2.02"
"16/03/2020 11:45:00 PM","2.09","1.94","4.47","2.03"
"16/03/2020 11:30:00 PM","2.28","2.41","4.56","1.72"
"16/03/2020 11:15:00 PM","2.22","2.75","4.00","0.81"
"16/03/2020 11:00:00 PM","2.50","2.66","4.28","1.14"
"16/03/2020 10:45:00 PM","2.19","2.47","4.75","1.19"
"16/03/2020 10:30:00 PM","2.41","3.00","4.88","3.03"
"16/03/2020 10:15:00 PM","2.44","3.38","4.47","3.20"
"16/03/2020 10:00:00 PM","2.72","3.47","4.53","3.08"
"16/03/2020 9:45:00 PM","2.28","3.41","4.38","3.52"
"16/03/2020 9:30:00 PM","2.81","3.72","4.63","3.56"
"16/03/2020 9:15:00 PM","3.47","4.75","5.19","3.22"
"16/03/2020 9:00:00 PM","4.09","5.19","5.09","2.95"
"16/03/2020 8:45:00 PM","3.81","4.41","5.00","2.73"
"16/03/2020 8:30:00 PM","4.38","4.53","5.81","2.66"
"16/03/2020 8:15:00 PM","4.66","4.91","5.97","3.08"
"16/03/2020 8:00:00 PM","4.94","5.53","5.72","3.13"
"16/03/2020 7:45:00 PM","5.09","6.00","6.19","3.19"
"16/03/2020 7:30:00 PM","5.41","6.13","6.59","3.14"
"16/03/2020 7:15:00 PM","5.22","6.47","6.84","3.02"
"16/03/2020 7:00:00 PM","5.34","7.16","7.59","3.06"
"16/03/2020 6:45:00 PM","5.28","7.22","7.53","3.19"
"16/03/2020 6:30:00 PM","5.34","7.88","6.91","2.69"
"16/03/2020 6:15:00 PM","5.59","7.88","6.59","1.69"
"16/03/2020 6:00:00 PM","5.66","7.53","6.94","4.45"
"16/03/2020 5:45:00 PM","4.28","5.72","6.09","4.44"
"16/03/2020 5:30:00 PM","6.03","8.28","8.25","5.03"
"16/03/2020 5:15:00 PM","6.72","8.41","8.28","5.08"
"16/03/2020 5:00:00 PM","6.56","8.53","8.41","5.14"
"16/03/2020 4:45:00 PM","6.66","8.63","8.44","5.14"
"16/03/2020 4:30:00 PM","6.44","8.22","8.81","5.11"
"16/03/2020 4:15:00 PM","6.56","7.81","9.09","5.09"
"16/03/2020 4:00:00 PM","6.59","7.53","8.81","5.05"
"16/03/2020 3:45:00 PM","6.53","8.28","8.94","5.19"
"16/03/2020 3:30:00 PM","6.44","8.31","9.66","5.28"
"16/03/2020 3:15:00 PM","6.22","8.31","10.97","5.22"
"16/03/2020 3:00:00 PM","6.53","8.38","11.31","5.19"
"16/03/2020 2:45:00 PM","6.72","8.38","10.94","5.23"
"16/03/2020 2:30:00 PM","6.28","8.41","11.19","5.11"
"16/03/2020 2:15:00 PM","6.72","8.31","11.25","5.39"
"16/03/2020 2:00:00 PM","6.69","8.50","11.22","5.34"
"16/03/2020 1:45:00 PM","6.63","9.00","11.38","5.34"
"16/03/2020 1:30:00 PM","6.66","8.91","11.16","5.28"
"16/03/2020 1:15:00 PM","6.63","8.84","11.22","5.34"
"16/03/2020 1:00:00 PM","6.63","8.78","10.81","5.36"
"16/03/2020 12:45:00 PM","6.53","8.78","11.03","5.38"
"16/03/2020 12:30:00 PM","6.56","8.72","10.91","5.44"
"16/03/2020 12:15:00 PM","6.59","8.88","10.97","5.33"
"16/03/2020 12:00:00 PM","6.63","8.88","10.69","5.31"
"16/03/2020 11:45:00 AM","6.53","8.94","11.06","5.19"
"16/03/2020 11:30:00 AM","6.50","8.97","10.84","5.52"
"16/03/2020 11:15:00 AM","6.50","8.72","10.75","5.50"
"16/03/2020 11:00:00 AM","6.50","8.78","10.47","5.31"
"16/03/2020 10:45:00 AM","5.81","8.63","10.28","5.36"
"16/03/2020 10:30:00 AM","5.44","8.44","10.00","5.42"
"16/03/2020 10:15:00 AM","5.41","7.75","9.91","4.98"
"16/03/2020 10:00:00 AM","5.72","8.66","10.47","5.33"
"16/03/2020 9:45:00 AM","6.06","8.22","10.72","5.05"
"16/03/2020 9:30:00 AM","5.72","7.94","10.16","5.11"
"16/03/2020 9:15:00 AM","5.25","7.81","9.44","5.64"
"16/03/2020 9:00:00 AM","5.38","7.53","9.25","5.23"
"16/03/2020 8:45:00 AM","5.50","7.75","8.97","5.17"
"16/03/2020 8:30:00 AM","5.69","7.75","8.84","5.41"
"16/03/2020 8:15:00 AM","5.13","6.97","8.41","5.22"
"16/03/2020 8:00:00 AM","4.63","6.63","8.13","5.14"
"16/03/2020 7:45:00 AM","4.75","6.28","8.25","5.19"
"16/03/2020 7:30:00 AM","4.88","6.50","8.44","4.91"
"16/03/2020 7:15:00 AM","5.03","6.22","8.38","4.80"
"16/03/2020 7:00:00 AM","4.88","5.63","8.78","4.64"
"16/03/2020 6:45:00 AM","4.53","4.38","8.81","3.94"
"16/03/2020 6:30:00 AM","3.91","4.88","8.66","3.53"
"16/03/2020 6:15:00 AM","4.00","5.13","8.06","3.67"
"16/03/2020 6:00:00 AM","3.72","4.66","7.16","3.47"
"16/03/2020 5:45:00 AM","3.03","4.28","6.50","2.97"
"16/03/2020 5:30:00 AM","3.06","3.47","5.94","2.94"
"16/03/2020 5:15:00 AM","3.50","2.59","6.31","2.78"
"16/03/2020 5:00:00 AM","3.41","2.00","6.75","2.48"
"16/03/2020 4:45:00 AM","2.69","2.25","6.59","2.70"
"16/03/2020 4:30:00 AM","1.97","2.69","7.00","2.97"
"16/03/2020 4:15:00 AM","1.69","2.53","6.38","2.94"
"16/03/2020 4:00:00 AM","1.59","2.19","5.25","2.84"
"16/03/2020 3:45:00 AM","1.09","1.47","4.72","2.14"
"16/03/2020 3:30:00 AM","1.00","1.16","4.09","1.39"
"16/03/2020 3:15:00 AM","1.16","1.31","3.78","1.31"
"16/03/2020 3:00:00 AM","1.06","1.09","3.59","1.48"
"16/03/2020 2:45:00 AM","0.75","1.19","3.41","1.00"
"16/03/2020 2:30:00 AM","0.69","1.13","3.44","1.02"
"16/03/2020 2:15:00 AM","0.78","1.03","3.41","1.33"
"16/03/2020 2:00:00 AM","1.03","1.16","3.25","1.00"
"16/03/2020 1:45:00 AM","1.22","1.16","3.31","0.92"
"16/03/2020 1:30:00 AM","0.63","1.19","3.53","1.00"
"16/03/2020 1:15:00 AM","0.66","1.16","3.34","0.80"
"16/03/2020 1:00:00 AM","0.69","1.22","3.38","0.58"
"16/03/2020 12:45:00 AM","0.81","1.09","3.38","0.95"
"16/03/2020 12:30:00 AM","0.56","1.06","3.53","1.84"
"16/03/2020 12:15:00 AM","0.66","1.06","3.00","1.64"
"16/03/2020 12:00:00 AM","0.81","1.19","3.34","1.77"
"15/03/2020 11:45:00 PM","1.00","1.09","3.31","2.05"
"15/03/2020 11:30:00 PM","1.06","1.19","3.66","1.84"
"15/03/2020 11:15:00 PM","1.00","1.16","3.34","1.88"
"15/03/2020 11:00:00 PM","1.00","1.09","3.69","2.00"
"15/03/2020 10:45:00 PM","1.03","1.16","3.38","1.50"
"15/03/2020 10:30:00 PM","1.22","1.25","4.00","2.09"
"15/03/2020 10:15:00 PM","0.88","1.06","3.84","2.59"
"15/03/2020 10:00:00 PM","1.13","1.16","4.13","2.23"
"15/03/2020 9:45:00 PM","1.03","1.19","3.91","2.06"
"15/03/2020 9:30:00 PM","1.16","1.06","4.03","2.53"
"15/03/2020 9:15:00 PM","1.06","1.19","4.28","2.42"
"15/03/2020 9:00:00 PM","1.19","1.22","4.41","2.27"
"15/03/2020 8:45:00 PM","1.13","1.06","4.34","2.72"
"15/03/2020 8:30:00 PM","1.03","1.28","4.56","2.58"
"15/03/2020 8:15:00 PM","1.09","1.25","4.53","2.56"
"15/03/2020 8:00:00 PM","1.03","1.34","4.63","2.73"
"15/03/2020 7:45:00 PM","1.22","1.31","4.59","2.91"
"15/03/2020 7:30:00 PM","1.44","1.28","4.72","2.39"
"15/03/2020 7:15:00 PM","1.56","1.31","4.63","2.56"
"15/03/2020 7:00:00 PM","1.59","1.19","4.38","2.41"
"15/03/2020 6:45:00 PM","1.41","1.19","4.56","1.81"
"15/03/2020 6:30:00 PM","1.09","1.31","4.22","1.89"
"15/03/2020 6:15:00 PM","1.16","1.28","4.31","2.75"
"15/03/2020 6:00:00 PM","1.75","1.22","4.09","2.64"
"15/03/2020 5:45:00 PM","1.91","1.31","4.53","2.92"
"15/03/2020 5:30:00 PM","1.78","1.19","4.78","3.20"
"15/03/2020 5:15:00 PM","1.81","1.41","4.66","3.22"
"15/03/2020 5:00:00 PM","2.06","1.56","4.88","3.27"
"15/03/2020 4:45:00 PM","1.97","1.59","4.69","3.52"
"15/03/2020 4:30:00 PM","2.47","1.63","4.94","3.08"
"15/03/2020 4:15:00 PM","2.50","1.59","4.88","3.39"
"15/03/2020 4:00:00 PM","2.47","1.56","4.88","3.44"
"15/03/2020 3:45:00 PM","2.50","1.56","5.16","3.53"
"15/03/2020 3:30:00 PM","2.41","1.66","5.97","3.27"
"15/03/2020 3:15:00 PM","2.25","1.56","5.91","3.45"
"15/03/2020 3:00:00 PM","2.25","1.59","5.94","3.30"
"15/03/2020 2:45:00 PM","2.38","1.81","5.91","3.16"
"15/03/2020 2:30:00 PM","2.22","1.47","5.94","3.22"
"15/03/2020 2:15:00 PM","2.06","1.31","5.75","3.02"
"15/03/2020 2:00:00 PM","1.56","1.16","5.75","2.95"
"15/03/2020 1:45:01 PM","1.63","1.28","5.47","2.89"
"15/03/2020 1:45:00 PM","1.63","1.28","5.47","3.30"
"15/03/2020 1:30:00 PM","1.69","1.25","5.91","3.30"
"15/03/2020 1:15:00 PM","1.97","1.31","5.56","3.23"
"15/03/2020 1:00:00 PM","1.75","1.34","5.78","3.11"
"15/03/2020 12:45:00 PM","1.72","1.63","5.50","2.72"
"15/03/2020 12:30:00 PM","1.63","1.69","5.91","2.98"
"15/03/2020 12:15:00 PM","1.66","1.69","5.69","2.98"
"15/03/2020 12:00:00 PM","1.56","1.63","5.75","3.20"
"15/03/2020 11:45:00 AM","1.44","1.63","5.16","3.16"
"15/03/2020 11:30:00 AM","1.56","1.72","4.88","2.33"
"15/03/2020 11:15:00 AM","1.47","1.84","4.69","2.03"
"15/03/2020 11:00:00 AM","1.25","1.78","4.13","2.13"
"15/03/2020 10:45:00 AM","1.00","1.72","3.94","1.95"
"15/03/2020 10:30:00 AM","1.06","1.56","4.13","1.83"
"15/03/2020 10:15:00 AM","1.00","1.47","3.84","1.78"
"15/03/2020 10:00:00 AM","1.16","1.16","3.88","2.30"
"15/03/2020 9:45:00 AM","1.19","1.22","3.81","1.89"
"15/03/2020 9:30:00 AM","1.00","1.09","3.84","1.84"
"15/03/2020 9:15:00 AM","1.00","1.09","3.78","2.16"
"15/03/2020 9:00:00 AM","1.03","1.16","3.91","1.89"
"15/03/2020 8:45:00 AM","1.09","1.09","3.84","1.72"
"15/03/2020 8:30:00 AM","1.16","1.28","3.78","1.75"
"15/03/2020 8:15:00 AM","1.06","1.16","3.78","1.63"
"15/03/2020 8:00:00 AM","1.03","1.22","3.88","0.98"
"15/03/2020 7:45:00 AM","1.09","1.06","3.72","1.02"
"15/03/2020 7:30:00 AM","0.97","1.19","3.72","1.19"
"15/03/2020 7:15:00 AM","1.03","1.19","3.47","1.06"
"15/03/2020 7:00:00 AM","1.03","1.06","3.78","2.08"
"15/03/2020 6:45:00 AM","1.03","1.19","3.91","2.33"
"15/03/2020 6:30:00 AM","0.75","1.13","3.84","2.20"
"15/03/2020 6:15:00 AM","0.66","1.16","3.81","1.92"
"15/03/2020 6:00:00 AM","0.69","1.16","3.84","1.84"
"15/03/2020 5:45:00 AM","0.69","1.19","3.75","2.00"
"15/03/2020 5:30:00 AM","0.66","1.03","3.47","1.59"
"15/03/2020 5:15:00 AM","0.69","1.03","3.41","1.39"
"15/03/2020 5:00:00 AM","0.69","1.16","3.13","0.94"
"15/03/2020 4:45:00 AM","0.66","1.16","3.13","0.64"
"15/03/2020 4:30:00 AM","0.66","1.16","3.03","0.63"
"15/03/2020 4:15:00 AM","0.69","1.16","3.19","0.83"
"15/03/2020 4:00:00 AM","0.66","1.28","3.13","0.81"
"15/03/2020 3:45:00 AM","0.66","1.16","3.19","0.59"
"15/03/2020 3:30:00 AM","0.66","1.06","2.84","0.66"
"15/03/2020 3:15:00 AM","0.66","1.06","3.22","0.92"
"15/03/2020 3:00:00 AM","0.81","1.13","3.19","1.02"
"15/03/2020 2:45:00 AM","1.03","1.03","3.28","0.92"
"15/03/2020 2:30:00 AM","1.16","1.16","3.28","1.03"
"15/03/2020 2:15:00 AM","1.03","1.06","3.03","0.88"
"15/03/2020 2:00:00 AM","0.72","1.19","3.13","0.58"
"15/03/2020 1:45:00 AM","0.66","1.19","3.06","0.80"
"15/03/2020 1:30:00 AM","0.69","1.13","3.16","0.88"
"15/03/2020 1:15:00 AM","0.69","1.09","3.00","1.02"
"15/03/2020 1:00:00 AM","0.69","1.09","3.03","0.52"
"15/03/2020 12:45:00 AM","1.00","1.22","3.00","0.63"
"15/03/2020 12:30:00 AM","1.00","1.19","3.13","0.83"
"15/03/2020 12:15:00 AM","1.13","1.38","2.97","0.84"
"15/03/2020 12:00:00 AM","0.91","1.28","3.16","0.56"
"14/03/2020 11:45:00 PM","1.00","1.19","2.97","0.84"
"14/03/2020 11:30:00 PM","1.03","1.19","2.94","1.17"
"14/03/2020 11:15:00 PM","1.00","1.16","3.44","2.41"
"14/03/2020 11:00:00 PM","1.03","1.19","3.63","2.91"
"14/03/2020 10:45:00 PM","1.00","1.16","3.59","3.08"
"14/03/2020 10:30:00 PM","1.06","1.19","3.56","2.92"
"14/03/2020 10:15:00 PM","1.06","1.13","3.72","3.09"
"14/03/2020 10:00:00 PM","0.94","1.28","3.53","3.20"
"14/03/2020 9:45:00 PM","1.06","1.16","3.72","3.30"
"14/03/2020 9:30:00 PM","1.03","1.13","3.66","3.09"
"14/03/2020 9:15:00 PM","1.06","1.22","3.34","3.11"
"14/03/2020 9:00:00 PM","1.00","1.19","3.31","2.52"
"14/03/2020 8:45:00 PM","1.06","1.22","3.09","2.61"
"14/03/2020 8:30:00 PM","1.03","1.22","3.25","3.03"
"14/03/2020 8:15:00 PM","1.03","1.28","3.63","2.97"
"14/03/2020 8:00:00 PM","1.09","1.09","3.66","2.91"
"14/03/2020 7:45:00 PM","1.00","1.03","3.69","3.06"
"14/03/2020 7:30:00 PM","1.16","1.19","3.59","2.91"
"14/03/2020 7:15:00 PM","1.16","1.31","3.75","3.16"
"14/03/2020 7:00:00 PM","1.06","1.25","3.72","3.17"
"14/03/2020 6:45:00 PM","1.03","1.06","3.84","2.91"
"14/03/2020 6:30:00 PM","1.19","1.16","3.88","3.22"
"14/03/2020 6:15:00 PM","1.16","1.25","3.75","3.23"
"14/03/2020 6:00:00 PM","1.69","1.09","4.06","3.47"
"14/03/2020 5:45:00 PM","1.69","1.22","3.94","2.94"
"14/03/2020 5:30:00 PM","1.72","1.59","4.00","3.13"
"14/03/2020 5:15:00 PM","2.31","1.84","3.94","3.27"
"14/03/2020 5:00:00 PM","2.84","2.75","4.72","2.88"
"14/03/2020 4:45:00 PM","2.94","3.06","4.91","3.19"
"14/03/2020 4:30:00 PM","2.91","3.38","5.06","3.45"
"14/03/2020 4:15:00 PM","2.59","3.38","4.91","3.06"
"14/03/2020 4:00:00 PM","2.50","3.34","5.06","3.11"
"14/03/2020 3:45:00 PM","2.50","3.38","5.16","3.27"
"14/03/2020 3:30:00 PM","2.50","3.28","5.16","3.33"
"14/03/2020 3:15:00 PM","2.66","3.38","5.09","3.06"
"14/03/2020 3:00:00 PM","2.94","3.41","5.31","3.34"
"14/03/2020 2:45:00 PM","3.16","3.53","5.31","3.39"
"14/03/2020 2:30:00 PM","2.63","3.47","5.53","3.36"
"14/03/2020 2:15:00 PM","2.72","3.53","5.34","3.36"
"14/03/2020 2:00:00 PM","2.78","3.59","5.47","3.14"
"14/03/2020 1:45:00 PM","2.75","3.72","5.09","3.20"
"14/03/2020 1:30:00 PM","2.88","3.97","5.16","3.23"
"14/03/2020 1:15:00 PM","2.53","3.84","5.09","3.02"
"14/03/2020 1:00:00 PM","2.53","3.91","4.88","3.06"
"14/03/2020 12:45:01 PM","2.25","3.75","4.63","3.13"
"14/03/2020 12:30:00 PM","1.50","2.75","4.13","2.84"
"14/03/2020 12:15:00 PM","1.47","2.81","4.34","2.92"
"14/03/2020 12:00:00 PM","1.50","2.75","4.22","3.02"
"14/03/2020 11:45:00 AM","1.63","2.63","3.91","2.67"
"14/03/2020 11:30:00 AM","1.88","2.81","4.53","2.72"
"14/03/2020 11:15:00 AM","1.75","2.69","4.50","2.92"
"14/03/2020 11:00:00 AM","1.31","2.50","4.13","2.67"
"14/03/2020 10:45:00 AM","1.75","2.91","4.16","2.42"
"14/03/2020 10:30:00 AM","2.50","3.56","4.53","2.31"
"14/03/2020 10:15:00 AM","2.69","2.84","5.19","2.44"
"14/03/2020 10:00:00 AM","2.78","2.22","5.47","2.17"
"14/03/2020 9:45:00 AM","3.41","2.34","5.41","2.09"
"14/03/2020 9:30:00 AM","3.25","2.72","4.69","2.03"
"14/03/2020 9:15:00 AM","2.19","1.19","2.56","1.09"
"14/03/2020 9:00:00 AM","0.63","0.44","2.41","0.63"
"14/03/2020 8:45:00 AM","0.59","0.50","2.34","0.92"
"14/03/2020 8:30:00 AM","0.66","0.56","2.34","0.72"
"14/03/2020 8:15:00 AM","0.50","0.53","2.41","0.63"
"14/03/2020 8:00:00 AM","0.69","0.50","2.38","0.81"
"14/03/2020 7:45:00 AM","0.53","0.50","2.41","0.80"
"14/03/2020 7:30:00 AM","1.06","1.84","3.94","1.55"
"14/03/2020 7:15:00 AM","1.34","1.56","5.03","2.14"
"14/03/2020 7:00:00 AM","1.25","1.34","5.47","2.14"
"14/03/2020 6:45:00 AM","1.09","1.25","5.06","1.84"
"14/03/2020 6:30:00 AM","0.84","1.19","4.63","1.84"
"14/03/2020 6:15:00 AM","1.31","1.34","4.00","1.94"
"14/03/2020 6:00:00 AM","1.66","1.41","3.72","1.11"
"14/03/2020 5:45:00 AM","1.75","1.69","3.59","1.20"
"14/03/2020 5:30:00 AM","0.94","1.50","3.47","1.48"
"14/03/2020 5:15:00 AM","0.72","1.09","3.47","1.13"
"14/03/2020 5:00:00 AM","0.94","1.19","3.34","1.23"
"14/03/2020 4:45:00 AM","1.06","1.47","3.44","1.23"
"14/03/2020 4:30:00 AM","1.06","1.22","3.31","1.13"
"14/03/2020 4:15:00 AM","0.78","1.22","3.22","0.97"
"14/03/2020 4:00:00 AM","1.06","1.31","3.38","1.03"
"14/03/2020 3:45:00 AM","1.06","1.31","2.97","1.00"
"14/03/2020 3:30:00 AM","0.69","1.31","3.13","0.52"
"14/03/2020 3:15:00 AM","0.91","1.06","3.00","1.13"
"14/03/2020 3:00:00 AM","0.53","1.25","3.16","1.19"
"14/03/2020 2:45:00 AM","0.84","1.19","2.88","0.61"
"14/03/2020 2:30:00 AM","0.63","1.25","3.06","0.70"
"14/03/2020 2:15:00 AM","0.72","1.25","2.97","0.92"
"14/03/2020 2:00:00 AM","0.81","1.16","3.03","0.66"
"14/03/2020 1:45:00 AM","0.63","1.19","3.00","0.55"
"14/03/2020 1:30:00 AM","0.78","1.22","3.06","0.81"
"14/03/2020 1:15:00 AM","0.69","1.28","3.06","0.88"
"14/03/2020 1:00:00 AM","0.75","1.31","3.31","1.14"
"14/03/2020 12:45:00 AM","0.75","1.19","3.22","1.36"
"14/03/2020 12:30:00 AM","0.66","1.19","3.38","2.17"
"14/03/2020 12:15:01 AM","0.78","1.19","3.22","2.44"
"14/03/2020 12:15:00 AM","0.78","1.19","3.41","1.89"
"14/03/2020 12:00:00 AM","0.81","1.19","3.41","1.89"
"13/03/2020 11:45:00 PM","1.09","1.34","3.38","2.14"
"13/03/2020 11:30:00 PM","1.03","1.09","3.38","1.80"
"13/03/2020 11:15:00 PM","1.06","1.34","3.28","1.58"
"13/03/2020 11:00:00 PM","1.28","1.19","3.09","1.64"
"13/03/2020 10:45:00 PM","0.84","1.34","3.13","1.19"
"13/03/2020 10:30:00 PM","1.16","1.25","3.22","1.98"
"13/03/2020 10:15:00 PM","1.06","1.22","3.44","2.64"
"13/03/2020 10:00:00 PM","1.09","1.25","3.44","2.45"
"13/03/2020 9:45:00 PM","1.06","1.19","3.47","2.09"
"13/03/2020 9:30:00 PM","1.03","1.34","3.81","2.22"
"13/03/2020 9:15:00 PM","1.16","1.25","3.72","2.25"
"13/03/2020 9:00:00 PM","1.06","1.28","3.94","2.23"
"13/03/2020 8:45:00 PM","1.16","1.28","3.88","1.94"
"13/03/2020 8:30:00 PM","1.09","1.38","4.44","1.91"
"13/03/2020 8:15:00 PM","1.34","1.41","4.53","2.97"
"13/03/2020 8:00:00 PM","1.09","1.38","4.59","2.92"
"13/03/2020 7:45:00 PM","1.06","1.13","4.38","2.91"
"13/03/2020 7:30:00 PM","1.28","1.34","4.34","2.66"
"13/03/2020 7:15:00 PM","1.31","1.47","4.34","2.30"
"13/03/2020 7:00:00 PM","2.16","2.16","4.94","2.41"
"13/03/2020 6:45:00 PM","2.00","2.53","4.66","2.33"
"13/03/2020 6:30:00 PM","1.84","2.56","4.25","1.83"
"13/03/2020 6:15:00 PM","2.19","2.38","4.75","1.80"
"13/03/2020 6:00:00 PM","2.22","2.34","5.16","4.25"
"13/03/2020 5:45:00 PM","2.47","3.16","5.94","4.42"
"13/03/2020 5:30:00 PM","5.16","5.00","7.84","4.34"
"13/03/2020 5:15:00 PM","5.69","5.84","8.25","4.45"
"13/03/2020 5:00:00 PM","6.16","6.22","8.59","4.69"
"13/03/2020 4:45:00 PM","5.97","6.16","8.31","4.69"
"13/03/2020 4:30:00 PM","6.16","6.19","8.88","4.83"
"13/03/2020 4:15:00 PM","6.28","6.91","9.03","4.86"
"13/03/2020 4:00:00 PM","6.59","7.03","9.47","4.84"
"13/03/2020 3:45:00 PM","6.41","7.09","9.66","5.03"
"13/03/2020 3:30:00 PM","6.38","7.19","9.47","5.00"
"13/03/2020 3:15:00 PM","5.47","7.25","9.38","4.64"
"13/03/2020 3:00:00 PM","5.47","7.34","9.28","4.98"
"13/03/2020 2:45:00 PM","5.31","7.59","8.91","5.03"
"13/03/2020 2:30:00 PM","5.41","7.66","9.03","4.97"
"13/03/2020 2:15:00 PM","5.41","7.38","8.97","5.08"
"13/03/2020 2:00:00 PM","5.81","7.44","9.22","4.89"
"13/03/2020 1:45:00 PM","6.06","7.34","9.19","4.97"
"13/03/2020 1:30:00 PM","6.31","6.84","9.22","5.17"
"13/03/2020 1:15:00 PM","6.16","6.94","9.28","5.23"
"13/03/2020 1:00:00 PM","6.47","7.41","9.38","5.13"
"13/03/2020 12:45:00 PM","6.38","7.66","9.50","5.06"
"13/03/2020 12:30:00 PM","5.94","7.31","8.88","5.03"
"13/03/2020 12:15:00 PM","5.97","6.88","8.69","4.95"
"13/03/2020 12:00:00 PM","5.78","6.78","9.13","5.05"
"13/03/2020 11:45:01 AM","5.66","7.19","8.94","5.14"
"13/03/2020 11:45:00 AM","5.63","7.06","8.53","5.14"
"13/03/2020 11:30:00 AM","5.63","7.06","8.53","4.95"
"13/03/2020 11:15:00 AM","5.66","7.31","8.22","4.94"
"13/03/2020 11:00:00 AM","5.66","6.94","8.28","4.95"
"13/03/2020 10:45:00 AM","6.13","6.88","8.25","5.02"
"13/03/2020 10:30:00 AM","6.03","6.84","8.00","5.03"
"13/03/2020 10:15:00 AM","5.78","6.50","8.00","5.05"
"13/03/2020 10:00:00 AM","5.56","7.31","7.69","5.00"
"13/03/2020 9:45:00 AM","5.97","7.38","7.97","5.23"
"13/03/2020 9:30:00 AM","5.78","6.59","8.03","5.16"
"13/03/2020 9:15:00 AM","5.69","5.72","7.81","5.14"
"13/03/2020 9:00:00 AM","5.19","5.22","8.00","5.13"
"13/03/2020 8:45:00 AM","5.09","4.81","7.56","5.16"
"13/03/2020 8:30:00 AM","3.97","4.38","7.56","5.14"
"13/03/2020 8:15:00 AM","3.69","3.94","7.34","5.09"
"13/03/2020 8:00:00 AM","3.84","3.53","6.94","4.98"
"13/03/2020 7:45:00 AM","3.66","3.78","6.66","4.91"
"13/03/2020 7:30:00 AM","4.78","4.56","6.31","4.91"
"13/03/2020 7:15:00 AM","4.59","4.88","6.25","4.91"
"13/03/2020 7:00:00 AM","4.25","4.00","6.56","4.03"
"13/03/2020 6:45:00 AM","3.28","2.81","7.25","4.03"
"13/03/2020 6:30:00 AM","3.06","2.97","7.25","4.06"
"13/03/2020 6:15:00 AM","3.19","2.69","7.44","4.02"
"13/03/2020 6:00:00 AM","3.72","2.78","6.66","3.89"
"13/03/2020 5:45:00 AM","3.81","2.81","5.84","3.45"
"13/03/2020 5:30:00 AM","3.22","1.88","5.09","3.41"
"13/03/2020 5:15:00 AM","3.16","1.50","5.97","3.02"
"13/03/2020 5:00:00 AM","2.13","2.41","6.19","2.78"
"13/03/2020 4:45:00 AM","1.75","3.34","6.06","2.81"
"13/03/2020 4:30:00 AM","1.63","4.28","5.66","3.13"
"13/03/2020 4:15:00 AM","1.75","3.53","5.09","3.41"
"13/03/2020 4:00:00 AM","1.91","2.19","4.88","3.14"
"13/03/2020 3:45:00 AM","1.72","1.34","4.00","2.52"
"13/03/2020 3:30:00 AM","1.41","1.31","4.03","1.61"
"13/03/2020 3:15:00 AM","0.94","1.22","3.66","0.80"
"13/03/2020 3:00:00 AM","0.88","1.13","3.66","0.80"
"13/03/2020 2:45:00 AM","0.72","1.16","3.75","0.84"
"13/03/2020 2:30:00 AM","0.78","1.09","3.75","0.86"
"13/03/2020 2:15:00 AM","0.88","1.16","3.69","1.03"
"13/03/2020 2:00:00 AM","0.63","1.16","3.81","1.11"
"13/03/2020 1:45:00 AM","0.78","1.19","4.16","0.78"
"13/03/2020 1:30:00 AM","0.84","1.13","3.69","0.69"
"13/03/2020 1:15:00 AM","1.00","1.19","3.81","0.72"
"13/03/2020 1:00:00 AM","0.72","1.13","3.53","1.13"
"13/03/2020 12:45:00 AM","0.81","1.13","3.72","0.58"
"13/03/2020 12:30:00 AM","0.75","1.16","3.69","0.84"
"13/03/2020 12:15:00 AM","0.75","1.19","3.75","0.88"
"13/03/2020 12:00:00 AM","1.03","1.13","3.63","1.19"
"12/03/2020 11:45:00 PM","1.41","1.13","4.31","2.72"
"12/03/2020 11:30:00 PM","0.97","1.16","4.22","2.66"
"12/03/2020 11:15:01 PM","1.13","1.13","4.16","2.64"
"12/03/2020 11:15:00 PM","1.13","1.13","4.16","2.64"
"12/03/2020 11:00:00 PM","1.13","1.19","4.13","2.67"
"12/03/2020 10:45:00 PM","1.06","1.19","4.34","2.72"
"12/03/2020 10:30:00 PM","1.19","1.22","4.47","2.94"
"12/03/2020 10:15:00 PM","1.44","1.22","4.59","3.03"
"12/03/2020 10:00:00 PM","1.53","1.09","4.56","3.00"
"12/03/2020 9:45:00 PM","1.31","1.38","4.88","3.13"
"12/03/2020 9:30:00 PM","1.59","1.38","4.75","3.22"
"12/03/2020 9:15:00 PM","1.66","1.38","4.44","3.19"
"12/03/2020 9:00:00 PM","1.75","1.56","4.78","3.02"
"12/03/2020 8:45:00 PM","1.84","1.59","5.00","3.08"
"12/03/2020 8:30:00 PM","1.75","1.47","4.94","2.84"
"12/03/2020 8:15:00 PM","1.63","1.47","5.38","2.98"
"12/03/2020 8:00:00 PM","1.81","1.50","5.84","2.80"
"12/03/2020 7:45:00 PM","2.00","1.53","5.72","3.30"
"12/03/2020 7:30:00 PM","2.06","1.56","6.13","3.31"
"12/03/2020 7:15:00 PM","2.50","1.78","6.53","3.44"
"12/03/2020 7:00:00 PM","3.13","2.75","6.81","3.22"
"12/03/2020 6:45:00 PM","3.22","2.81","6.81","3.39"
"12/03/2020 6:30:00 PM","2.97","2.69","5.94","2.86"
"12/03/2020 6:15:00 PM","3.16","2.47","4.88","1.78"
"12/03/2020 6:00:00 PM","2.59","2.91","5.56","4.19"
"12/03/2020 5:45:00 PM","3.50","4.50","6.28","4.31"
"12/03/2020 5:30:00 PM","5.66","6.94","8.63","4.75"
"12/03/2020 5:15:00 PM","6.75","7.38","8.84","4.72"
"12/03/2020 5:00:00 PM","6.44","7.44","9.34","4.94"
"12/03/2020 4:45:00 PM","6.34","7.47","8.63","5.08"
"12/03/2020 4:30:00 PM","6.22","7.16","8.38","4.92"
"12/03/2020 4:15:00 PM","6.34","6.88","8.38","4.97"
"12/03/2020 4:00:00 PM","6.38","7.16","8.94","4.97"
"12/03/2020 3:45:00 PM","6.34","7.50","9.16","4.86"
"12/03/2020 3:30:00 PM","6.16","7.25","9.28","4.83"
"12/03/2020 3:15:00 PM","6.25","7.06","8.97","5.03"
"12/03/2020 3:00:00 PM","6.28","7.06","8.94","4.50"
"12/03/2020 2:45:00 PM","6.47","7.00","9.06","4.73"
"12/03/2020 2:30:00 PM","6.56","7.00","9.16","4.78"
"12/03/2020 2:15:00 PM","6.53","6.94","8.53","4.78"
"12/03/2020 2:00:00 PM","6.63","6.63","8.59","4.80"
"12/03/2020 1:45:00 PM","6.81","6.84","8.59","4.75"
"12/03/2020 1:30:00 PM","6.81","6.69","8.63","4.70"
"12/03/2020 1:15:00 PM","6.84","6.69","8.69","4.70"
"12/03/2020 1:00:00 PM","6.75","6.81","8.91","4.69"
"12/03/2020 12:45:00 PM","6.88","7.00","8.69","4.69"
"12/03/2020 12:30:00 PM","6.84","7.31","9.25","4.69"
"12/03/2020 12:15:00 PM","6.84","7.69","9.22","4.75"
"12/03/2020 12:00:00 PM","6.81","7.22","8.94","4.67"
"12/03/2020 11:45:00 AM","6.44","7.03","8.97","4.78"
"12/03/2020 11:30:00 AM","6.41","6.56","8.97","4.78"
"12/03/2020 11:15:00 AM","6.03","6.09","8.91","4.77"
"12/03/2020 11:00:00 AM","6.13","6.56","8.38","4.88"
"12/03/2020 10:45:00 AM","5.88","6.47","8.53","5.08"
"12/03/2020 10:30:00 AM","5.81","6.22","8.38","5.11"
"12/03/2020 10:15:00 AM","5.56","5.94","8.25","4.72"
"12/03/2020 10:00:00 AM","5.50","6.03","8.00","4.78"
"12/03/2020 9:45:00 AM","5.38","5.91","8.44","4.88"
"12/03/2020 9:30:00 AM","5.19","5.84","8.44","4.92"
"12/03/2020 9:15:00 AM","5.25","5.66","8.13","4.91"
"12/03/2020 9:00:00 AM","4.63","5.28","8.06","4.88"
"12/03/2020 8:45:00 AM","4.81","4.59","7.97","4.86"
"12/03/2020 8:30:00 AM","4.44","3.84","7.25","4.94"
"12/03/2020 8:15:00 AM","3.47","3.72","6.72","4.91"
"12/03/2020 8:00:00 AM","3.47","3.47","6.69","4.86"
"12/03/2020 7:45:00 AM","4.06","3.41","6.72","4.81"
"12/03/2020 7:30:00 AM","4.28","4.69","6.97","4.70"
"12/03/2020 7:15:00 AM","4.38","4.94","6.78","4.48"
"12/03/2020 7:00:00 AM","5.16","3.81","6.97","4.41"
"12/03/2020 6:45:00 AM","4.31","3.59","7.22","3.88"
"12/03/2020 6:30:00 AM","3.78","3.81","7.31","3.84"
"12/03/2020 6:15:00 AM","3.38","3.72","7.22","3.75"
"12/03/2020 6:00:00 AM","3.38","2.91","6.69","3.66"
"12/03/2020 5:45:00 AM","2.91","2.69","6.06","3.38"
"12/03/2020 5:30:00 AM","3.19","2.34","5.47","3.06"
"12/03/2020 5:15:00 AM","4.31","1.78","5.47","3.02"
"12/03/2020 5:00:00 AM","3.50","1.81","6.13","2.88"
"12/03/2020 4:45:00 AM","2.13","3.00","6.63","2.83"
"12/03/2020 4:30:00 AM","1.47","4.28","6.13","2.94"
"12/03/2020 4:15:00 AM","1.72","3.78","5.41","3.41"
"12/03/2020 4:00:00 AM","1.75","2.78","5.44","3.45"
"12/03/2020 3:45:00 AM","1.56","1.59","4.78","2.45"
"12/03/2020 3:30:00 AM","1.22","1.34","3.91","1.27"
"12/03/2020 3:15:00 AM","1.00","1.03","3.66","0.84"
"12/03/2020 3:00:00 AM","0.88","1.09","3.78","0.84"
"12/03/2020 2:45:00 AM","0.75","1.09","3.69","0.84"
"12/03/2020 2:30:00 AM","0.72","1.22","3.81","0.91"
"12/03/2020 2:15:00 AM","1.00","1.13","3.72","0.89"
"12/03/2020 2:00:00 AM","1.53","1.16","3.53","1.02"
"12/03/2020 1:45:00 AM","1.63","1.16","3.69","0.92"
"12/03/2020 1:30:00 AM","1.38","1.22","3.66","1.11"
"12/03/2020 1:15:00 AM","1.63","1.16","3.88","0.73"
"12/03/2020 1:00:01 AM","1.53","1.09","3.63","1.05"
"12/03/2020 12:45:00 AM","1.50","1.25","3.75","0.91"
"12/03/2020 12:30:00 AM","1.25","1.13","3.69","0.67"
"12/03/2020 12:15:00 AM","1.47","1.19","4.06","1.05"
"12/03/2020 12:00:00 AM","1.56","1.22","3.50","0.67"
"11/03/2020 11:45:00 PM","1.88","1.13","3.59","0.81"
"11/03/2020 11:30:00 PM","1.41","1.13","3.69","0.86"
"11/03/2020 11:15:00 PM","1.59","1.09","3.75","0.88"
"11/03/2020 11:00:00 PM","1.53","1.13","3.53","0.89"
"11/03/2020 10:45:00 PM","1.59","1.22","4.13","2.66"
"11/03/2020 10:30:00 PM","1.53","1.22","4.22","2.88"
"11/03/2020 10:15:00 PM","1.63","1.28","4.22","2.95"
"11/03/2020 10:00:00 PM","1.63","1.22","4.38","2.97"
"11/03/2020 9:45:00 PM","1.72","1.25","4.31","3.05"
"11/03/2020 9:30:00 PM","1.75","1.13","4.59","3.11"
"11/03/2020 9:15:00 PM","1.81","1.13","4.56","3.23"
"11/03/2020 9:00:00 PM","2.22","1.22","4.50","3.16"
"11/03/2020 8:45:00 PM","2.16","1.19","4.69","2.73"
"11/03/2020 8:30:00 PM","2.06","1.25","4.53","2.95"
"11/03/2020 8:15:00 PM","1.72","1.28","4.63","2.88"
"11/03/2020 8:00:00 PM","1.75","1.25","4.94","2.92"
"11/03/2020 7:45:00 PM","1.84","1.53","5.03","3.09"
"11/03/2020 7:30:00 PM","2.19","1.69","5.31","3.23"
"11/03/2020 7:15:00 PM","2.50","2.13","6.41","3.30"
"11/03/2020 7:00:00 PM","3.47","4.31","6.66","3.36"
"11/03/2020 6:45:00 PM","3.31","5.41","6.69","3.27"
"11/03/2020 6:30:00 PM","3.78","5.19","6.38","2.92"
"11/03/2020 6:15:00 PM","3.66","5.13","5.09","1.80"
"11/03/2020 6:00:00 PM","3.75","5.19","5.47","4.50"
"11/03/2020 5:45:00 PM","3.31","4.78","5.91","4.63"
"11/03/2020 5:30:00 PM","5.09","7.06","7.97","5.27"
"11/03/2020 5:15:00 PM","5.25","7.13","8.19","5.33"
"11/03/2020 5:00:00 PM","5.69","7.38","8.34","5.34"
"11/03/2020 4:45:00 PM","6.25","7.41","8.41","5.28"
"11/03/2020 4:30:00 PM","6.72","7.41","8.53","5.16"
"11/03/2020 4:15:00 PM","6.56","7.28","8.50","5.27"
"11/03/2020 4:00:00 PM","6.50","7.25","8.59","5.34"
"11/03/2020 3:45:00 PM","6.22","7.16","8.72","5.13"
"11/03/2020 3:30:00 PM","6.28","7.31","8.94","5.27"
"11/03/2020 3:15:00 PM","6.56","7.41","8.84","5.19"
"11/03/2020 3:00:00 PM","6.66","7.34","9.03","5.11"
"11/03/2020 2:45:00 PM","6.50","6.97","8.94","5.45"
"11/03/2020 2:30:00 PM","6.38","7.47","8.72","5.02"
"11/03/2020 2:15:00 PM","6.53","7.53","8.94","5.31"
"11/03/2020 2:00:00 PM","6.31","7.44","8.97","5.33"
"11/03/2020 1:45:00 PM","6.63","7.28","8.88","5.38"
"11/03/2020 1:30:00 PM","6.25","6.97","8.75","5.33"
"11/03/2020 1:15:00 PM","6.28","7.03","8.97","5.19"
"11/03/2020 1:00:00 PM","5.72","7.00","8.63","5.20"
"11/03/2020 12:45:00 PM","5.84","7.44","9.19","5.20"
"11/03/2020 12:30:00 PM","5.84","7.38","8.50","5.16"
"11/03/2020 12:15:00 PM","5.88","6.69","8.53","5.16"
"11/03/2020 12:00:00 PM","6.06","6.09","8.53","5.17"
"11/03/2020 11:45:00 AM","5.94","5.91","8.34","4.94"
"11/03/2020 11:30:00 AM","5.84","6.25","8.13","5.34"
"11/03/2020 11:15:00 AM","5.91","6.19","8.09","5.33"
"11/03/2020 11:00:00 AM","6.22","6.28","8.13","5.30"
"11/03/2020 10:45:00 AM","6.22","5.75","7.94","5.25"
"11/03/2020 10:30:00 AM","5.88","5.75","8.03","5.17"
"11/03/2020 10:15:00 AM","6.03","5.75","8.03","4.80"
"11/03/2020 10:00:00 AM","5.72","5.28","8.41","4.97"
"11/03/2020 9:45:00 AM","5.72","5.16","7.53","5.03"
"11/03/2020 9:30:00 AM","5.09","5.22","7.81","5.03"
"11/03/2020 9:15:00 AM","4.72","5.34","6.91","5.13"
"11/03/2020 9:00:00 AM","4.88","5.22","6.97","5.03"
"11/03/2020 8:45:00 AM","4.91","4.44","6.88","4.89"
"11/03/2020 8:30:00 AM","5.09","4.09","6.84","5.09"
"11/03/2020 8:15:00 AM","4.19","4.47","6.97","5.08"
"11/03/2020 8:00:00 AM","3.84","4.16","6.44","5.16"
"11/03/2020 7:45:00 AM","3.81","4.19","6.03","4.95"
"11/03/2020 7:30:00 AM","4.00","4.09","5.88","4.88"
"11/03/2020 7:15:00 AM","5.22","3.91","5.94","4.38"
"11/03/2020 7:00:00 AM","4.72","3.13","6.06","3.84"
"11/03/2020 6:45:00 AM","3.88","3.09","6.66","3.98"
"11/03/2020 6:30:00 AM","3.75","3.13","6.72","3.88"
"11/03/2020 6:15:00 AM","3.44","3.31","6.63","3.94"
"11/03/2020 6:00:00 AM","3.19","3.22","5.94","3.63"
"11/03/2020 5:45:00 AM","2.72","2.56","5.16","3.52"
"11/03/2020 5:30:00 AM","3.41","3.13","4.09","3.41"
"11/03/2020 5:15:00 AM","3.72","3.06","4.44","2.69"
"11/03/2020 5:00:00 AM","3.34","2.97","5.19","3.03"
"11/03/2020 4:45:00 AM","1.72","3.59","6.00","2.75"
"11/03/2020 4:30:00 AM","1.44","4.00","5.16","2.63"
"11/03/2020 4:15:00 AM","1.63","3.19","4.56","2.64"
"11/03/2020 4:00:00 AM","1.63","2.66","3.78","1.92"
"11/03/2020 3:45:00 AM","1.56","1.16","3.84","2.00"
"11/03/2020 3:30:00 AM","1.19","1.22","3.25","1.17"
"11/03/2020 3:15:00 AM","0.94","1.09","3.00","0.64"
"11/03/2020 3:00:00 AM","0.63","1.03","3.28","0.69"
"11/03/2020 2:45:00 AM","0.66","1.03","3.03","0.83"
"11/03/2020 2:30:00 AM","0.88","1.06","3.16","0.88"
"11/03/2020 2:15:00 AM","0.59","1.09","3.34","0.88"
"11/03/2020 2:00:00 AM","0.75","1.06","3.56","0.72"
"11/03/2020 1:45:00 AM","0.69","1.03","3.53","1.06"
"11/03/2020 1:30:00 AM","0.84","1.00","3.97","0.97"
"11/03/2020 1:15:00 AM","0.59","1.13","3.53","1.06"
"11/03/2020 1:00:00 AM","0.69","1.06","3.41","0.83"
"11/03/2020 12:45:00 AM","0.81","1.13","3.75","1.44"
"11/03/2020 12:30:00 AM","0.69","1.06","3.84","2.38"
"11/03/2020 12:15:00 AM","0.84","1.09","3.75","2.33"
"11/03/2020 12:00:00 AM","0.69","1.03","4.09","2.31"
"10/03/2020 11:45:00 PM","1.13","1.09","3.97","1.89"
"10/03/2020 11:30:00 PM","1.06","1.13","4.25","2.05"
"10/03/2020 11:15:00 PM","1.00","1.06","4.47","2.02"
"10/03/2020 11:00:00 PM","1.09","1.13","4.41","1.94"
"10/03/2020 10:45:00 PM","1.03","1.13","4.44","1.66"
"10/03/2020 10:30:00 PM","1.22","1.06","4.38","1.94"
"10/03/2020 10:15:00 PM","1.00","1.13","4.34","2.33"
"10/03/2020 10:00:00 PM","1.19","1.25","4.25","2.45"
"10/03/2020 9:45:00 PM","1.72","1.53","4.41","2.50"
"10/03/2020 9:30:00 PM","1.84","1.66","4.44","2.59"
"10/03/2020 9:15:00 PM","1.81","1.84","4.22","2.45"
"10/03/2020 9:00:00 PM","1.00","1.84","4.28","2.22"
"10/03/2020 8:45:00 PM","1.63","1.88","4.66","2.05"
"10/03/2020 8:30:00 PM","1.63","1.97","4.88","2.13"
"10/03/2020 8:15:00 PM","1.88","2.25","4.84","3.19"
"10/03/2020 8:00:00 PM","1.81","2.66","5.00","3.13"
"10/03/2020 7:45:00 PM","1.91","2.69","5.00","3.05"
"10/03/2020 7:30:00 PM","2.09","2.56","5.38","2.78"
"10/03/2020 7:15:00 PM","2.03","2.94","5.66","2.75"
"10/03/2020 7:00:00 PM","2.63","3.69","5.28","2.58"
"10/03/2020 6:45:00 PM","2.41","3.88","5.63","2.94"
"10/03/2020 6:30:00 PM","2.88","4.16","5.59","2.55"
"10/03/2020 6:15:00 PM","2.94","4.31","5.69","1.73"
"10/03/2020 6:00:00 PM","2.63","3.75","5.91","4.20"
"10/03/2020 5:45:00 PM","3.31","3.81","6.47","4.44"
"10/03/2020 5:30:00 PM","5.00","5.91","8.66","4.94"
"10/03/2020 5:15:00 PM","5.47","6.03","8.78","4.75"
"10/03/2020 5:00:00 PM","5.47","6.50","8.44","4.73"
"10/03/2020 4:45:00 PM","6.03","6.56","8.84","4.98"
"10/03/2020 4:30:00 PM","5.69","6.78","8.81","5.02"
"10/03/2020 4:15:00 PM","5.88","7.06","9.00","5.00"
"10/03/2020 4:00:00 PM","5.50","7.38","9.00","5.05"
"10/03/2020 3:45:00 PM","6.38","7.22","9.06","4.97"
"10/03/2020 3:30:00 PM","6.13","7.38","9.31","4.95"
"10/03/2020 3:15:00 PM","6.19","7.25","8.91","4.94"
"10/03/2020 3:00:00 PM","6.13","6.81","8.97","4.83"
"10/03/2020 2:45:00 PM","6.16","6.19","8.84","5.00"
"10/03/2020 2:30:00 PM","6.03","6.31","8.75","4.95"
"10/03/2020 2:15:00 PM","6.09","6.75","9.03","4.80"
"10/03/2020 2:00:00 PM","6.03","6.91","8.59","5.06"
"10/03/2020 1:45:00 PM","6.22","6.94","8.69","5.02"
"10/03/2020 1:30:00 PM","5.88","6.88","8.44","4.98"
"10/03/2020 1:15:00 PM","5.78","7.00","8.41","4.91"
"10/03/2020 1:00:00 PM","5.00","6.91","8.44","4.84"
"10/03/2020 12:45:00 PM","4.78","6.41","8.34","4.88"
"10/03/2020 12:30:00 PM","4.53","6.47","8.44","4.80"
"10/03/2020 12:15:00 PM","4.69","6.66","8.22","4.86"
"10/03/2020 12:00:00 PM","6.06","6.72","8.25","4.77"
"10/03/2020 11:45:00 AM","5.84","6.38","8.22","4.63"
"10/03/2020 11:30:00 AM","5.91","6.66","8.38","4.81"
"10/03/2020 11:15:00 AM","5.97","6.78","8.34","4.94"
"10/03/2020 11:00:00 AM","5.94","6.69","7.66","4.86"
"10/03/2020 10:45:00 AM","5.91","6.38","7.09","4.91"
"10/03/2020 10:30:00 AM","5.41","6.44","7.25","4.69"
"10/03/2020 10:15:00 AM","5.38","6.59","7.44","4.56"
"10/03/2020 10:00:00 AM","5.19","6.78","7.50","4.44"
"10/03/2020 9:45:00 AM","4.97","6.53","7.66","4.92"
"10/03/2020 9:30:00 AM","4.91","5.78","7.41","5.30"
"10/03/2020 9:15:00 AM","5.41","6.34","7.00","5.41"
"10/03/2020 9:00:00 AM","5.75","6.13","7.28","5.34"
"10/03/2020 8:45:00 AM","5.31","5.72","7.25","5.08"
"10/03/2020 8:30:00 AM","4.44","4.81","7.19","5.25"
"10/03/2020 8:15:00 AM","5.38","4.84","6.75","4.77"
"10/03/2020 8:00:00 AM","4.44","4.72","6.44","4.95"
"10/03/2020 7:45:00 AM","4.47","4.22","5.97","5.08"
"10/03/2020 7:30:00 AM","4.72","3.97","6.31","4.58"
"10/03/2020 7:15:00 AM","4.78","4.34","6.50","4.59"
"10/03/2020 7:00:00 AM","4.44","4.06","7.19","4.55"
"10/03/2020 6:45:00 AM","3.81","3.88","7.06","3.53"
"10/03/2020 6:30:00 AM","4.09","3.75","6.66","3.56"
"10/03/2020 6:15:00 AM","4.03","3.63","5.84","3.75"
"10/03/2020 6:00:00 AM","3.84","3.53","5.91","3.14"
"10/03/2020 5:45:00 AM","3.81","2.69","5.06","3.25"
"10/03/2020 5:30:00 AM","4.22","1.66","4.16","2.78"
"10/03/2020 5:15:00 AM","3.19","2.28","5.06","2.72"
"10/03/2020 5:00:00 AM","1.88","3.00","5.81","2.33"
"10/03/2020 4:45:00 AM","1.19","3.81","5.59","2.31"
"10/03/2020 4:30:00 AM","1.13","3.25","4.88","2.44"
"10/03/2020 4:15:00 AM","1.31","3.09","4.16","2.84"
"10/03/2020 4:00:00 AM","1.53","1.63","3.88","2.31"
"10/03/2020 3:45:00 AM","1.34","1.06","3.44","1.81"
"10/03/2020 3:30:00 AM","1.00","1.09","3.44","1.61"
"10/03/2020 3:15:00 AM","0.94","1.03","2.97","0.72"
"10/03/2020 3:00:00 AM","0.69","0.97","3.13","0.72"
"10/03/2020 2:45:00 AM","0.69","1.00","2.81","0.98"
"10/03/2020 2:30:00 AM","0.78","1.03","2.88","0.53"
"10/03/2020 2:15:00 AM","0.84","1.06","2.91","0.83"
"10/03/2020 2:00:00 AM","1.13","0.91","3.28","0.83"
"10/03/2020 1:45:00 AM","0.81","0.91","3.19","0.58"
"10/03/2020 1:30:00 AM","0.72","0.91","3.34","0.78"
"10/03/2020 1:15:00 AM","0.75","1.00","3.00","0.95"
"10/03/2020 1:00:00 AM","0.50","0.97","2.94","0.63"
"10/03/2020 12:45:00 AM","0.72","0.94","2.78","0.78"
"10/03/2020 12:30:00 AM","0.75","1.06","2.84","0.89"
"10/03/2020 12:15:00 AM","0.69","0.88","2.88","0.56"
"10/03/2020 12:00:00 AM","0.78","1.06","2.84","0.94"
"9/03/2020 11:45:00 PM","1.06","0.91","3.19","0.77"
"9/03/2020 11:30:00 PM","1.03","1.03","2.72","0.64"
"9/03/2020 11:15:00 PM","0.97","1.06","3.03","1.03"
"9/03/2020 11:00:00 PM","1.31","1.00","3.06","0.75"
"9/03/2020 10:45:00 PM","1.72","0.94","3.78","1.38"
"9/03/2020 10:30:00 PM","1.63","1.13","3.63","1.95"
"9/03/2020 10:15:00 PM","1.75","0.97","4.28","2.48"
"9/03/2020 10:00:00 PM","2.75","1.41","4.00","2.75"
"9/03/2020 9:45:00 PM","2.94","1.59","4.38","2.55"
"9/03/2020 9:30:00 PM","2.78","1.34","4.06","2.52"
"9/03/2020 9:15:00 PM","3.00","1.25","4.19","2.52"
"9/03/2020 9:00:00 PM","3.06","1.19","4.69","3.11"
"9/03/2020 8:45:00 PM","3.41","1.22","4.72","3.25"
"9/03/2020 8:30:00 PM","2.91","1.22","4.19","2.94"
"9/03/2020 8:15:00 PM","3.06","1.34","4.34","2.67"
"9/03/2020 8:00:00 PM","3.13","1.72","4.72","3.02"
"9/03/2020 7:45:00 PM","3.19","1.69","5.00","2.91"
"9/03/2020 7:30:00 PM","3.25","1.47","4.72","2.84"
"9/03/2020 7:15:00 PM","3.31","1.94","5.22","2.88"
"9/03/2020 7:00:00 PM","2.50","2.44","5.75","2.42"
"9/03/2020 6:45:00 PM","2.59","2.22","5.56","2.41"
"9/03/2020 6:30:00 PM","2.84","2.69","5.69","2.05"
"9/03/2020 6:15:00 PM","2.50","2.78","5.16","1.88"
"9/03/2020 6:00:00 PM","2.22","2.38","5.44","4.67"
"9/03/2020 5:45:00 PM","3.19","4.19","6.41","4.50"
"9/03/2020 5:30:00 PM","5.78","6.47","8.41","5.25"
"9/03/2020 5:15:00 PM","5.94","6.31","8.47","5.27"
"9/03/2020 5:00:00 PM","5.44","6.53","8.63","5.28"
"9/03/2020 4:45:00 PM","5.94","6.91","8.66","5.30"
"9/03/2020 4:30:00 PM","5.84","7.06","8.72","5.31"
"9/03/2020 4:15:00 PM","6.09","7.19","8.41","4.97"
"9/03/2020 4:00:00 PM","5.97","7.00","8.63","5.23"
"9/03/2020 3:45:00 PM","6.03","7.06","8.66","5.33"
"9/03/2020 3:30:00 PM","5.25","7.13","8.44","5.34"
"9/03/2020 3:15:00 PM","5.31","6.75","8.69","5.33"
"9/03/2020 3:00:00 PM","5.25","6.41","8.50","5.31"
"9/03/2020 2:45:00 PM","5.16","6.47","8.88","5.22"
"9/03/2020 2:30:00 PM","5.22","6.53","8.84","4.94"
"9/03/2020 2:15:00 PM","5.38","6.53","8.56","5.02"
"9/03/2020 2:00:00 PM","5.25","6.81","8.56","5.08"
"9/03/2020 1:45:00 PM","5.50","6.66","8.53","4.97"
"9/03/2020 1:30:00 PM","6.00","6.81","8.69","4.83"
"9/03/2020 1:15:00 PM","6.09","6.72","8.56","4.84"
"9/03/2020 1:00:00 PM","5.81","6.75","8.03","4.88"
"9/03/2020 12:45:00 PM","5.78","6.97","8.19","5.13"
"9/03/2020 12:30:00 PM","5.72","7.13","8.19","4.91"
"9/03/2020 12:15:00 PM","5.97","7.41","8.25","5.11"
"9/03/2020 12:00:00 PM","5.88","6.94","8.53","5.13"
"9/03/2020 11:45:00 AM","5.97","6.84","8.06","5.44"
"9/03/2020 11:30:00 AM","6.06","6.91","7.91","5.14"
"9/03/2020 11:15:00 AM","6.25","6.81","8.00","5.02"
"9/03/2020 11:00:00 AM","6.44","6.28","7.94","5.14"
"9/03/2020 10:45:00 AM","6.19","6.03","8.00","4.94"
"9/03/2020 10:30:00 AM","6.41","6.34","7.94","4.89"
"9/03/2020 10:15:00 AM","6.16","6.34","7.72","5.00"
"9/03/2020 10:00:00 AM","5.88","5.97","7.63","5.09"
"9/03/2020 9:45:00 AM","6.13","5.25","7.34","5.38"
"9/03/2020 9:30:00 AM","5.84","5.25","7.59","5.73"
"9/03/2020 9:15:00 AM","5.00","4.75","7.28","5.16"
"9/03/2020 9:00:00 AM","4.41","4.91","6.59","4.95"
"9/03/2020 8:45:00 AM","4.56","5.16","6.75","4.95"
"9/03/2020 8:30:00 AM","4.88","5.06","7.00","4.56"
"9/03/2020 8:15:00 AM","4.59","3.78","6.56","4.61"
"9/03/2020 8:00:00 AM","4.09","3.81","6.19","4.64"
"9/03/2020 7:45:00 AM","4.31","3.63","6.19","4.22"
"9/03/2020 7:30:00 AM","4.34","3.47","6.66","4.25"
"9/03/2020 7:15:00 AM","4.53","4.06","6.91","4.53"
"9/03/2020 7:00:00 AM","3.69","3.94","7.41","3.97"
"9/03/2020 6:45:00 AM","3.06","4.09","7.03","3.33"
"9/03/2020 6:30:00 AM","3.63","4.13","6.41","3.27"
"9/03/2020 6:15:00 AM","4.00","4.22","6.19","3.08"
"9/03/2020 6:00:00 AM","3.91","3.50","5.84","2.86"
"9/03/2020 5:45:00 AM","3.00","2.47","5.31","2.73"
"9/03/2020 5:30:00 AM","3.34","1.63","4.38","2.91"
"9/03/2020 5:15:00 AM","4.09","1.75","4.84","2.48"
"9/03/2020 5:00:00 AM","2.94","2.94","5.50","2.31"
"9/03/2020 4:45:00 AM","1.50","3.56","5.31","2.30"
"9/03/2020 4:30:00 AM","1.44","4.03","4.84","2.64"
"9/03/2020 4:15:00 AM","1.56","3.09","4.31","2.92"
"9/03/2020 4:00:00 AM","1.56","1.59","3.72","2.22"
"9/03/2020 3:45:00 AM","1.47","1.13","3.44","1.78"
"9/03/2020 3:30:00 AM","1.16","1.16","3.22","1.34"
"9/03/2020 3:15:00 AM","0.88","1.00","2.88","0.95"
"9/03/2020 3:00:00 AM","0.69","1.00","2.97","0.63"
"9/03/2020 2:45:00 AM","0.75","1.00","2.88","0.64"
"9/03/2020 2:30:00 AM","0.66","0.94","3.25","0.75"
"9/03/2020 2:15:00 AM","0.72","1.03","3.09","1.05"
"9/03/2020 2:00:00 AM","0.56","0.94","3.63","2.14"
"9/03/2020 1:45:00 AM","0.75","0.84","3.38","2.13"
"9/03/2020 1:30:00 AM","0.66","1.03","3.50","2.25"
"9/03/2020 1:15:00 AM","0.75","1.00","3.59","2.08"
"9/03/2020 1:00:00 AM","0.69","1.03","3.69","1.83"
"9/03/2020 12:45:00 AM","0.63","1.06","3.72","1.73"
"9/03/2020 12:30:00 AM","1.00","0.97","3.94","1.84"
"9/03/2020 12:15:00 AM","0.53","1.00","3.81","1.39"
"9/03/2020 12:00:00 AM","0.88","1.09","3.69","0.67"
"8/03/2020 11:45:00 PM","1.00","1.00","3.47","0.81"
"8/03/2020 11:30:00 PM","1.03","1.00","3.50","1.97"
"8/03/2020 11:15:00 PM","1.13","1.00","3.47","1.58"
"8/03/2020 11:00:00 PM","0.91","1.00","3.63","1.77"
"8/03/2020 10:45:00 PM","1.13","1.13","3.66","1.80"
"8/03/2020 10:30:00 PM","0.97","1.00","3.66","1.98"
"8/03/2020 10:15:00 PM","0.97","0.97","3.94","1.84"
"8/03/2020 10:00:01 PM","1.13","0.97","3.75","1.97"
"8/03/2020 9:45:00 PM","1.03","1.03","3.75","1.58"
"8/03/2020 9:30:00 PM","1.16","1.00","3.81","1.72"
"8/03/2020 9:15:00 PM","0.88","0.97","3.84","2.25"
"8/03/2020 9:00:00 PM","1.13","1.06","3.94","2.13"
"8/03/2020 8:45:00 PM","1.00","1.09","3.63","1.91"
"8/03/2020 8:30:00 PM","1.03","1.03","4.06","2.11"
"8/03/2020 8:15:00 PM","1.09","1.00","3.78","2.03"
"8/03/2020 8:00:00 PM","1.00","1.13","3.97","1.94"
"8/03/2020 7:45:00 PM","1.09","0.94","3.75","1.78"
"8/03/2020 7:30:00 PM","1.06","1.06","3.94","2.03"
"8/03/2020 7:15:00 PM","0.94","1.03","3.97","2.84"
"8/03/2020 7:00:00 PM","1.09","1.03","3.94","2.73"
"8/03/2020 6:45:00 PM","1.09","1.44","3.91","2.39"
"8/03/2020 6:30:00 PM","1.00","1.47","3.97","2.56"
"8/03/2020 6:15:00 PM","1.19","1.47","4.00","3.09"
"8/03/2020 6:00:00 PM","1.44","1.47","4.16","3.06"
"8/03/2020 5:45:00 PM","1.56","1.47","4.22","3.41"
"8/03/2020 5:30:00 PM","1.03","1.56","4.56","3.09"
"8/03/2020 5:15:00 PM","1.22","1.25","4.69","3.08"
"8/03/2020 5:00:00 PM","1.50","1.00","4.94","3.22"
"8/03/2020 4:45:00 PM","1.47","1.16","4.91","3.41"
"8/03/2020 4:30:00 PM","1.03","1.00","5.09","3.42"
"8/03/2020 4:15:00 PM","1.06","1.06","4.66","3.45"
"8/03/2020 4:00:00 PM","1.34","1.03","4.69","3.22"
"8/03/2020 3:45:00 PM","1.34","1.13","4.56","2.95"
"8/03/2020 3:30:00 PM","1.41","1.09","4.41","3.36"
"8/03/2020 3:15:00 PM","0.91","1.13","4.25","3.52"
"8/03/2020 3:00:00 PM","1.03","1.09","4.47","3.58"
"8/03/2020 2:45:00 PM","1.16","1.19","4.31","3.48"
"8/03/2020 2:30:00 PM","1.19","1.28","4.44","3.44"
"8/03/2020 2:15:00 PM","1.16","0.97","4.34","3.41"
"8/03/2020 2:00:00 PM","1.19","1.06","4.50","3.38"
"8/03/2020 1:45:00 PM","1.22","1.19","4.50","3.30"
"8/03/2020 1:30:00 PM","1.06","1.03","4.44","3.19"
"8/03/2020 1:15:00 PM","1.03","1.03","4.09","2.72"
"8/03/2020 1:00:00 PM","1.06","1.09","4.38","2.52"
"8/03/2020 12:45:00 PM","1.09","1.03","4.03","2.75"
"8/03/2020 12:30:00 PM","1.00","1.03","4.13","2.41"
"8/03/2020 12:15:00 PM","1.03","1.09","3.69","1.91"
"8/03/2020 12:00:00 PM","1.03","1.06","3.84","2.41"
"8/03/2020 11:45:00 AM","1.06","0.97","3.75","2.22"
"8/03/2020 11:30:00 AM","1.00","1.13","3.75","1.91"
"8/03/2020 11:15:00 AM","1.06","1.03","3.91","2.00"
"8/03/2020 11:00:00 AM","1.06","1.09","3.75","2.31"
"8/03/2020 10:45:00 AM","1.19","1.13","3.84","2.05"
"8/03/2020 10:30:00 AM","1.34","0.97","4.00","2.14"
"8/03/2020 10:15:00 AM","1.28","1.19","3.81","2.23"
"8/03/2020 10:00:00 AM","1.03","1.09","3.78","2.17"
"8/03/2020 9:45:00 AM","1.25","1.41","3.78","2.20"
"8/03/2020 9:30:01 AM","0.97","1.19","3.75","1.84"
"8/03/2020 9:30:00 AM","0.97","1.31","3.75","1.84"
"8/03/2020 9:15:00 AM","0.97","1.31","3.88","1.48"
"8/03/2020 9:00:00 AM","1.06","1.59","3.66","1.47"
"8/03/2020 8:45:00 AM","1.06","1.34","3.75","1.00"
"8/03/2020 8:30:00 AM","1.00","1.00","3.75","1.06"
"8/03/2020 8:15:00 AM","1.03","1.03","3.56","1.16"
"8/03/2020 8:00:00 AM","1.06","1.00","3.28","0.77"
"8/03/2020 7:45:00 AM","1.03","1.09","3.25","0.69"
"8/03/2020 7:30:00 AM","1.00","1.00","3.47","2.00"
"8/03/2020 7:15:00 AM","1.06","1.00","3.56","2.20"
"8/03/2020 7:00:00 AM","0.97","0.97","3.56","2.02"
"8/03/2020 6:45:00 AM","1.16","1.03","3.59","2.13"
"8/03/2020 6:30:00 AM","0.72","1.00","3.75","1.86"
"8/03/2020 6:15:00 AM","0.66","0.91","3.66","1.80"
"8/03/2020 6:00:00 AM","0.88","1.00","3.75","2.11"
"8/03/2020 5:45:00 AM","0.53","1.06","3.50","1.33"
"8/03/2020 5:30:00 AM","0.84","1.03","2.97","1.14"
"8/03/2020 5:15:00 AM","0.53","0.94","2.91","0.75"
"8/03/2020 5:00:00 AM","0.78","0.97","2.88","0.66"
"8/03/2020 4:45:00 AM","0.66","1.00","2.69","0.91"
"8/03/2020 4:30:00 AM","0.66","1.09","3.09","0.67"
"8/03/2020 4:15:00 AM","0.72","0.97","2.56","0.80"
"8/03/2020 4:00:00 AM","0.75","1.03","2.97","0.89"
"8/03/2020 3:45:00 AM","0.69","1.09","2.91","0.63"
"8/03/2020 3:30:00 AM","0.72","1.06","2.78","0.94"
"8/03/2020 3:15:00 AM","0.66","0.97","2.97","0.69"
"8/03/2020 3:00:00 AM","0.69","1.06","2.81","1.05"
"8/03/2020 2:45:00 AM","0.81","1.00","2.81","0.50"
"8/03/2020 2:30:00 AM","0.66","1.13","2.94","0.84"
"8/03/2020 2:15:00 AM","0.81","1.06","2.66","0.48"
"8/03/2020 2:00:00 AM","0.66","1.06","3.09","0.88"
"8/03/2020 1:45:00 AM","0.69","1.00","2.59","0.86"
"8/03/2020 1:30:00 AM","0.75","1.09","2.97","0.92"
"8/03/2020 1:15:00 AM","0.69","1.09","2.75","1.00"
"8/03/2020 1:00:00 AM","0.72","0.97","2.78","0.50"
"8/03/2020 12:45:00 AM","0.72","1.13","2.91","0.81"
"8/03/2020 12:30:00 AM","0.66","0.97","2.81","0.84"
"8/03/2020 12:15:00 AM","0.81","0.94","2.97","1.39"
"8/03/2020 12:00:00 AM","0.84","1.03","3.25","2.08"
"7/03/2020 11:45:00 PM","0.97","1.09","3.06","2.25"
"7/03/2020 11:30:00 PM","1.06","1.06","3.25","2.17"
"7/03/2020 11:15:00 PM","1.03","1.03","3.03","2.13"
"7/03/2020 11:00:00 PM","1.06","1.03","3.34","1.84"
"7/03/2020 10:45:00 PM","1.06","1.06","3.53","1.58"
"7/03/2020 10:30:00 PM","0.97","1.03","3.56","1.67"
"7/03/2020 10:15:00 PM","1.25","1.09","3.63","1.75"
"7/03/2020 10:00:00 PM","0.88","1.06","3.69","2.59"
"7/03/2020 9:45:00 PM","1.03","1.09","3.69","2.09"
"7/03/2020 9:30:00 PM","1.19","1.13","3.94","2.25"
"7/03/2020 9:15:00 PM","1.03","1.09","3.75","2.11"
"7/03/2020 9:00:01 PM","1.00","1.16","3.75","1.78"
"7/03/2020 9:00:00 PM","1.16","0.97","3.75","1.78"
"7/03/2020 8:45:00 PM","1.16","0.97","3.81","1.92"
"7/03/2020 8:30:00 PM","1.06","1.03","3.81","1.36"
"7/03/2020 8:15:00 PM","1.03","1.13","3.75","1.50"
"7/03/2020 8:00:00 PM","1.09","1.09","4.25","2.80"
"7/03/2020 7:45:00 PM","1.03","1.19","4.19","2.92"
"7/03/2020 7:30:00 PM","1.06","1.09","4.34","3.08"
"7/03/2020 7:15:00 PM","1.16","1.41","4.19","2.44"
"7/03/2020 7:00:00 PM","0.97","1.25","4.41","2.95"
"7/03/2020 6:45:00 PM","1.34","1.06","4.78","2.88"
"7/03/2020 6:30:00 PM","1.56","1.19","5.28","3.14"
"7/03/2020 6:15:00 PM","1.72","1.13","5.34","3.22"
"7/03/2020 6:00:00 PM","2.06","1.31","5.63","3.20"
"7/03/2020 5:45:00 PM","3.28","1.34","5.78","3.17"
"7/03/2020 5:30:00 PM","3.44","1.56","5.66","3.16"
"7/03/2020 5:15:00 PM","3.47","1.78","5.41","3.39"
"7/03/2020 5:00:00 PM","3.09","1.78","5.16","3.28"
"7/03/2020 4:45:00 PM","3.88","2.03","5.53","3.41"
"7/03/2020 4:30:00 PM","3.13","2.38","5.28","3.20"
"7/03/2020 4:15:00 PM","3.03","3.63","5.44","3.19"
"7/03/2020 4:00:00 PM","3.06","4.09","5.13","3.11"
"7/03/2020 3:45:00 PM","3.16","3.59","5.00","3.28"
"7/03/2020 3:30:00 PM","3.59","3.03","5.19","3.41"
"7/03/2020 3:15:00 PM","3.69","2.56","5.13","3.20"
"7/03/2020 3:00:00 PM","3.13","2.00","5.19","3.05"
"7/03/2020 2:45:00 PM","3.59","1.91","5.47","3.13"
"7/03/2020 2:30:00 PM","3.69","2.72","5.31","3.20"
"7/03/2020 2:15:00 PM","4.25","2.88","5.56","3.27"
"7/03/2020 2:00:00 PM","4.25","2.50","5.25","3.27"
"7/03/2020 1:45:00 PM","4.28","1.78","5.09","3.17"
"7/03/2020 1:30:00 PM","3.50","1.88","5.25","2.69"
"7/03/2020 1:15:00 PM","3.34","2.03","5.13","3.03"
"7/03/2020 1:00:00 PM","3.22","2.34","4.91","3.00"
"7/03/2020 12:45:00 PM","2.44","2.44","4.63","3.17"
"7/03/2020 12:30:00 PM","1.88","2.69","4.41","3.44"
"7/03/2020 12:15:00 PM","2.13","2.19","4.16","2.81"
"7/03/2020 12:00:00 PM","2.03","2.03","3.72","2.75"
"7/03/2020 11:45:00 AM","2.22","2.09","3.75","2.94"
"7/03/2020 11:30:00 AM","2.13","2.06","4.13","2.58"
"7/03/2020 11:15:00 AM","2.16","2.06","4.06","2.53"
"7/03/2020 11:00:00 AM","2.50","1.97","4.34","2.33"
"7/03/2020 10:45:00 AM","2.03","1.78","4.06","2.14"
"7/03/2020 10:30:00 AM","1.84","1.50","3.88","2.03"
"7/03/2020 10:15:00 AM","1.66","1.38","3.47","2.03"
"7/03/2020 10:00:00 AM","1.00","1.31","3.63","1.44"
"7/03/2020 9:45:00 AM","1.06","1.34","3.56","2.08"
"7/03/2020 9:30:00 AM","1.00","1.28","3.72","2.28"
"7/03/2020 9:15:00 AM","1.06","1.41","3.66","2.02"
"7/03/2020 9:00:00 AM","0.97","1.38","3.69","2.34"
"7/03/2020 8:45:00 AM","1.06","1.13","3.81","1.84"
"7/03/2020 8:30:01 AM","1.00","1.03","3.69","1.78"
"7/03/2020 8:30:00 AM","1.06","1.03","3.69","1.78"
"7/03/2020 8:15:00 AM","1.06","1.00","3.78","1.97"
"7/03/2020 8:00:00 AM","1.00","1.13","3.56","1.38"
"7/03/2020 7:45:00 AM","1.06","1.00","3.56","1.09"
"7/03/2020 7:30:00 AM","1.00","1.13","3.31","0.89"
"7/03/2020 7:15:00 AM","1.03","0.94","3.41","1.25"
"7/03/2020 7:00:00 AM","1.00","1.09","3.38","2.34"
"7/03/2020 6:45:00 AM","1.06","0.94","3.56","2.16"
"7/03/2020 6:30:00 AM","0.75","1.00","3.41","2.05"
"7/03/2020 6:15:00 AM","0.69","1.06","3.41","2.19"
"7/03/2020 6:00:00 AM","0.72","1.00","3.59","1.92"
"7/03/2020 5:45:00 AM","0.69","1.06","3.44","1.77"
"7/03/2020 5:30:00 AM","0.72","1.03","3.25","1.80"
"7/03/2020 5:15:00 AM","0.69","1.16","3.03","1.28"
"7/03/2020 5:00:00 AM","1.03","1.00","2.81","0.61"
"7/03/2020 4:45:00 AM","0.97","1.09","2.91","0.81"
"7/03/2020 4:30:00 AM","1.00","1.16","2.72","0.58"
"7/03/2020 4:15:00 AM","0.69","1.03","2.88","0.94"
"7/03/2020 4:00:00 AM","0.59","1.06","2.72","0.98"
"7/03/2020 3:45:00 AM","0.81","0.97","2.91","1.09"
"7/03/2020 3:30:00 AM","0.75","1.03","2.81","0.70"
"7/03/2020 3:15:00 AM","0.59","1.09","2.88","0.64"
"7/03/2020 3:00:00 AM","0.94","0.91","2.88","0.83"
"7/03/2020 2:45:00 AM","0.53","1.16","2.63","0.84"
"7/03/2020 2:30:00 AM","0.69","0.94","2.97","1.09"
"7/03/2020 2:15:00 AM","0.75","1.09","2.63","0.52"
"7/03/2020 2:00:00 AM","0.69","1.03","2.84","0.86"
"7/03/2020 1:45:00 AM","0.69","1.06","2.78","1.00"
"7/03/2020 1:30:00 AM","0.72","1.13","2.81","0.48"
"7/03/2020 1:15:00 AM","0.75","0.94","2.81","0.92"
"7/03/2020 1:00:00 AM","0.69","1.06","2.75","0.83"
"7/03/2020 12:45:00 AM","0.72","1.16","3.06","1.05"
"7/03/2020 12:30:00 AM","0.72","1.22","3.13","1.31"
"7/03/2020 12:15:00 AM","0.66","1.53","3.09","1.45"
"7/03/2020 12:00:00 AM","0.91","1.22","3.19","1.00"
"6/03/2020 11:45:00 PM","1.16","1.06","3.06","1.33"
"6/03/2020 11:30:00 PM","1.09","1.31","3.19","1.22"
"6/03/2020 11:15:00 PM","1.28","1.25","3.09","1.02"
"6/03/2020 11:00:00 PM","0.94","1.00","3.50","1.33"
"6/03/2020 10:45:00 PM","1.09","1.09","3.16","0.88"
"6/03/2020 10:30:00 PM","1.03","1.09","3.09","1.70"
"6/03/2020 10:15:00 PM","0.94","1.13","3.13","2.41"
"6/03/2020 10:00:00 PM","1.13","0.97","3.13","2.09"
"6/03/2020 9:45:00 PM","1.06","1.13","3.25","2.34"
"6/03/2020 9:30:00 PM","0.97","1.09","3.16","2.14"
"6/03/2020 9:15:00 PM","1.56","1.19","3.28","1.91"
"6/03/2020 9:00:00 PM","1.97","1.31","3.25","2.09"
"6/03/2020 8:45:00 PM","1.94","1.28","3.47","1.89"
"6/03/2020 8:30:00 PM","2.28","1.28","3.47","1.72"
"6/03/2020 8:15:00 PM","2.47","1.16","4.03","3.16"
"6/03/2020 8:00:00 PM","2.56","1.09","3.81","2.61"
"6/03/2020 7:45:00 PM","2.47","1.25","3.88","2.61"
"6/03/2020 7:30:00 PM","2.47","1.19","4.06","2.67"
"6/03/2020 7:15:00 PM","2.66","1.53","4.25","2.39"
"6/03/2020 7:00:00 PM","2.94","2.22","4.31","2.78"
"6/03/2020 6:45:00 PM","3.19","3.66","4.91","2.09"
"6/03/2020 6:30:00 PM","3.75","3.78","4.63","1.86"
"6/03/2020 6:15:00 PM","3.66","4.22","5.03","1.81"
"6/03/2020 6:00:00 PM","3.78","4.38","5.81","4.66"
"6/03/2020 5:45:00 PM","2.84","4.34","5.75","4.81"
"6/03/2020 5:30:00 PM","3.81","5.88","7.81","4.97"
"6/03/2020 5:15:00 PM","3.91","5.97","7.66","5.00"
"6/03/2020 5:00:00 PM","3.84","5.53","7.72","5.19"
"6/03/2020 4:45:00 PM","4.91","5.63","7.91","5.17"
"6/03/2020 4:30:00 PM","4.63","5.88","8.00","5.23"
"6/03/2020 4:15:00 PM","4.38","6.09","8.22","5.13"
"6/03/2020 4:00:00 PM","4.78","6.25","8.03","4.94"
"6/03/2020 3:45:00 PM","4.88","6.47","8.34","5.00"
"6/03/2020 3:30:00 PM","4.91","6.28","8.13","4.94"
"6/03/2020 3:15:00 PM","4.81","5.97","8.38","4.77"
"6/03/2020 3:00:00 PM","4.81","5.63","8.50","4.94"
"6/03/2020 2:45:00 PM","5.03","5.66","8.41","5.14"
"6/03/2020 2:30:00 PM","4.97","5.91","8.44","5.09"
"6/03/2020 2:15:00 PM","4.78","6.22","8.69","5.09"
"6/03/2020 2:00:00 PM","4.84","6.63","8.69","5.17"
"6/03/2020 1:45:00 PM","5.22","6.59","8.38","4.89"
"6/03/2020 1:30:00 PM","5.44","6.63","7.66","5.08"
"6/03/2020 1:15:00 PM","5.66","6.72","7.84","5.28"
"6/03/2020 1:00:00 PM","5.47","6.09","7.63","5.17"
"6/03/2020 12:45:00 PM","5.25","5.59","7.47","5.22"
"6/03/2020 12:30:00 PM","5.19","5.47","7.25","5.23"
"6/03/2020 12:15:00 PM","5.41","5.91","7.59","5.14"
"6/03/2020 12:00:00 PM","5.50","5.91","7.44","4.67"
"6/03/2020 11:45:00 AM","5.25","5.28","7.19","5.11"
"6/03/2020 11:30:00 AM","4.84","5.09","7.16","5.09"
"6/03/2020 11:15:00 AM","4.44","5.34","7.25","5.11"
"6/03/2020 11:00:00 AM","4.34","5.66","7.41","5.08"
"6/03/2020 10:45:00 AM","4.13","5.28","7.50","4.86"
"6/03/2020 10:30:00 AM","4.41","4.88","7.50","4.92"
"6/03/2020 10:15:00 AM","4.25","4.63","7.19","5.03"
"6/03/2020 10:00:00 AM","4.31","4.56","7.03","5.33"
"6/03/2020 9:45:00 AM","4.34","4.66","6.81","5.36"
"6/03/2020 9:30:00 AM","4.28","4.75","6.72","5.39"
"6/03/2020 9:15:00 AM","4.53","4.66","6.72","4.86"
"6/03/2020 9:00:00 AM","4.59","4.41","6.88","4.91"
"6/03/2020 8:45:00 AM","4.31","4.88","7.03","4.70"
"6/03/2020 8:30:00 AM","3.97","4.31","6.72","4.72"
"6/03/2020 8:15:00 AM","3.78","3.34","6.41","4.33"
"6/03/2020 8:00:00 AM","3.09","3.50","5.88","4.45"
"6/03/2020 7:45:00 AM","3.00","3.63","5.78","4.47"
"6/03/2020 7:30:00 AM","3.50","3.69","5.66","4.47"
"6/03/2020 7:15:00 AM","3.94","2.78","6.09","4.47"
"6/03/2020 7:00:00 AM","3.84","2.94","6.44","3.42"
"6/03/2020 6:45:00 AM","3.97","3.00","6.44","3.31"
"6/03/2020 6:30:00 AM","2.66","2.72","6.13","3.38"
"6/03/2020 6:15:00 AM","3.19","2.44","5.63","3.33"
"6/03/2020 6:00:00 AM","2.91","2.00","5.63","3.19"
"6/03/2020 5:45:00 AM","3.00","1.47","5.47","2.98"
"6/03/2020 5:30:00 AM","2.72","1.38","4.75","2.42"
"6/03/2020 5:15:00 AM","3.22","1.63","4.06","2.34"
"6/03/2020 5:00:00 AM","3.16","3.03","4.25","2.45"
"6/03/2020 4:45:00 AM","2.88","4.91","4.50","2.55"
"6/03/2020 4:30:00 AM","2.47","5.41","5.00","2.91"
"6/03/2020 4:15:00 AM","1.66","3.84","5.06","3.55"
"6/03/2020 4:00:00 AM","1.72","1.72","4.06","2.41"
"6/03/2020 3:45:00 AM","1.59","1.41","3.38","2.06"
"6/03/2020 3:30:00 AM","1.00","1.22","3.13","1.38"
"6/03/2020 3:15:00 AM","1.03","1.06","2.91","0.83"
"6/03/2020 3:00:00 AM","0.69","1.13","3.03","0.86"
"6/03/2020 2:45:00 AM","0.88","1.13","2.78","0.84"
"6/03/2020 2:30:00 AM","0.69","1.06","2.94","0.63"
"6/03/2020 2:15:00 AM","0.72","1.13","3.19","0.73"
"6/03/2020 2:00:00 AM","0.72","1.09","3.44","0.86"
"6/03/2020 1:45:00 AM","0.75","1.09","3.38","0.80"
"6/03/2020 1:30:00 AM","0.81","1.16","3.56","0.88"
"6/03/2020 1:15:00 AM","0.59","1.16","3.13","0.88"
"6/03/2020 1:00:00 AM","0.97","1.06","3.13","0.73"
"6/03/2020 12:45:00 AM","0.56","1.06","3.03","0.66"
"6/03/2020 12:30:00 AM","0.97","1.16","3.00","1.48"
"6/03/2020 12:15:00 AM","0.53","1.13","3.19","2.03"
"6/03/2020 12:00:00 AM","0.91","1.16","3.25","2.05"
"5/03/2020 11:45:00 PM","1.13","1.09","3.06","1.58"
"5/03/2020 11:30:00 PM","0.94","1.09","2.97","1.63"
"5/03/2020 11:15:00 PM","1.25","1.28","3.03","1.59"
"5/03/2020 11:00:00 PM","1.06","1.03","3.09","1.55"
"5/03/2020 10:45:00 PM","1.03","1.06","3.03","1.48"
"5/03/2020 10:30:00 PM","1.09","1.13","3.25","1.97"
"5/03/2020 10:15:00 PM","1.03","1.25","3.22","2.23"
"5/03/2020 10:00:00 PM","1.09","1.00","3.25","2.06"
"5/03/2020 9:45:00 PM","1.09","1.22","3.34","2.16"
"5/03/2020 9:30:00 PM","1.06","1.06","3.19","2.13"
"5/03/2020 9:15:00 PM","1.13","1.38","3.34","1.98"
"5/03/2020 9:00:00 PM","1.34","1.09","3.31","1.97"
"5/03/2020 8:45:00 PM","1.38","1.22","4.00","2.02"
"5/03/2020 8:30:00 PM","1.69","1.19","3.88","1.59"
"5/03/2020 8:15:00 PM","2.09","1.28","4.44","2.92"
"5/03/2020 8:00:00 PM","1.75","1.25","4.38","2.45"
"5/03/2020 7:45:00 PM","1.88","1.47","4.94","2.80"
"5/03/2020 7:30:00 PM","2.19","1.72","4.63","2.30"
"5/03/2020 7:15:00 PM","2.81","2.22","4.63","2.44"
"5/03/2020 7:00:00 PM","3.06","3.53","4.94","2.47"
"5/03/2020 6:45:00 PM","3.06","3.56","5.00","2.14"
"5/03/2020 6:30:00 PM","2.91","3.66","4.63","1.78"
"5/03/2020 6:15:00 PM","2.78","3.78","5.09","1.78"
"5/03/2020 6:00:00 PM","2.81","3.53","5.53","4.31"
"5/03/2020 5:45:00 PM","2.50","3.50","6.13","4.47"
"5/03/2020 5:30:00 PM","4.44","5.13","7.91","4.89"
"5/03/2020 5:15:00 PM","4.91","5.75","8.31","4.91"
"5/03/2020 5:00:00 PM","5.19","5.97","8.53","4.89"
"5/03/2020 4:45:00 PM","5.19","6.09","8.75","4.97"
"5/03/2020 4:30:00 PM","4.69","6.13","8.38","4.70"
"5/03/2020 4:15:00 PM","5.06","6.13","8.34","4.92"
"5/03/2020 4:00:00 PM","4.97","6.13","8.31","4.94"
"5/03/2020 3:45:00 PM","4.75","5.72","8.38","5.06"
"5/03/2020 3:30:00 PM","4.25","5.81","8.50","5.11"
"5/03/2020 3:15:00 PM","4.50","6.31","9.31","5.14"
"5/03/2020 3:00:00 PM","4.53","6.69","8.94","5.16"
"5/03/2020 2:45:00 PM","4.72","6.53","8.69","5.14"
"5/03/2020 2:30:00 PM","4.97","6.06","8.53","5.13"
"5/03/2020 2:15:00 PM","5.31","5.91","8.66","5.16"
"5/03/2020 2:00:00 PM","5.13","5.88","8.41","5.22"
"5/03/2020 1:45:00 PM","5.59","6.19","8.59","5.28"
"5/03/2020 1:30:00 PM","5.63","6.44","8.50","5.09"
"5/03/2020 1:15:00 PM","5.69","5.84","8.09","5.09"
"5/03/2020 1:00:00 PM","5.03","5.72","8.34","5.16"
"5/03/2020 12:45:00 PM","5.44","5.53","7.94","5.13"
"5/03/2020 12:30:00 PM","5.16","5.63","7.59","4.94"
"5/03/2020 12:15:00 PM","5.13","5.72","7.84","4.92"
"5/03/2020 12:00:00 PM","4.69","5.53","7.81","5.08"
"5/03/2020 11:45:00 AM","5.38","5.44","7.59","5.13"
"5/03/2020 11:30:00 AM","6.03","5.22","7.59","5.14"
"5/03/2020 11:15:00 AM","5.84","5.72","7.31","5.08"
"5/03/2020 11:00:00 AM","5.25","5.09","7.00","5.00"
"5/03/2020 10:45:00 AM","5.19","5.00","6.97","4.91"
"5/03/2020 10:30:00 AM","5.59","4.66","6.59","4.78"
"5/03/2020 10:15:00 AM","5.38","4.50","6.25","5.09"
"5/03/2020 10:00:00 AM","4.72","3.88","6.50","4.97"
"5/03/2020 9:45:00 AM","4.69","3.75","6.53","4.89"
"5/03/2020 9:30:00 AM","4.88","4.06","6.66","4.84"
"5/03/2020 9:15:01 AM","4.88","4.16","6.72","4.97"
"5/03/2020 9:15:00 AM","4.88","3.66","6.50","4.73"
"5/03/2020 9:00:00 AM","4.88","3.66","6.50","4.73"
"5/03/2020 8:45:00 AM","4.66","3.09","5.91","4.84"
"5/03/2020 8:30:00 AM","4.78","2.75","5.84","4.84"
"5/03/2020 8:15:00 AM","4.63","2.66","6.06","4.69"
"5/03/2020 8:00:00 AM","4.03","2.75","5.75","4.77"
"5/03/2020 7:45:00 AM","3.75","2.72","5.88","4.88"
"5/03/2020 7:30:00 AM","3.59","2.66","5.78","5.08"
"5/03/2020 7:15:00 AM","4.47","2.66","6.50","4.06"
"5/03/2020 7:00:00 AM","4.13","2.72","6.78","3.94"
"5/03/2020 6:45:00 AM","2.53","2.91","6.72","3.44"
"5/03/2020 6:30:00 AM","2.91","3.38","6.69","3.64"
"5/03/2020 6:15:00 AM","2.63","3.66","5.69","3.42"
"5/03/2020 6:00:00 AM","2.50","3.00","5.47","3.52"
"5/03/2020 5:45:00 AM","2.38","2.38","5.03","3.11"
"5/03/2020 5:30:00 AM","2.59","2.66","4.19","2.58"
"5/03/2020 5:15:00 AM","3.59","2.66","4.34","2.75"
"5/03/2020 5:00:00 AM","2.94","2.06","5.19","2.48"
"5/03/2020 4:45:00 AM","1.97","2.31","5.78","2.97"
"5/03/2020 4:30:00 AM","1.09","2.97","5.22","3.02"
"5/03/2020 4:15:00 AM","1.56","2.59","4.47","3.27"
"5/03/2020 4:00:00 AM","1.44","2.03","3.78","2.52"
"5/03/2020 3:45:00 AM","1.47","1.50","3.69","1.80"
"5/03/2020 3:30:00 AM","1.19","1.25","3.38","0.88"
"5/03/2020 3:15:00 AM","0.75","1.19","3.19","0.86"
"5/03/2020 3:00:00 AM","0.84","1.13","3.31","0.83"
"5/03/2020 2:45:00 AM","0.66","1.03","3.44","0.78"
"5/03/2020 2:30:00 AM","0.78","1.09","3.53","0.84"
"5/03/2020 2:15:00 AM","0.69","1.19","3.41","0.81"
"5/03/2020 2:00:00 AM","0.81","0.97","3.97","0.88"
"5/03/2020 1:45:00 AM","0.59","1.03","3.81","1.20"
"5/03/2020 1:30:00 AM","0.69","1.16","3.75","1.52"
"5/03/2020 1:15:00 AM","0.81","1.16","3.59","1.45"
"5/03/2020 1:00:00 AM","0.66","1.13","3.44","0.89"
"5/03/2020 12:45:00 AM","0.75","1.06","3.38","0.64"
"5/03/2020 12:30:00 AM","0.72","1.22","3.41","0.92"
"5/03/2020 12:15:00 AM","0.75","1.09","3.47","1.03"
"5/03/2020 12:00:00 AM","0.88","1.00","3.53","0.97"
"4/03/2020 11:45:00 PM","1.13","1.13","3.69","1.03"
"4/03/2020 11:30:00 PM","1.00","1.16","3.53","1.20"
"4/03/2020 11:15:00 PM","1.03","1.25","3.88","0.72"
"4/03/2020 11:00:00 PM","1.06","1.00","3.63","1.11"
"4/03/2020 10:45:00 PM","1.00","1.09","3.53","0.69"
"4/03/2020 10:30:00 PM","1.16","1.13","3.78","1.77"
"4/03/2020 10:15:00 PM","1.00","1.13","3.91","2.17"
"4/03/2020 10:00:00 PM","1.09","1.25","3.75","2.53"
"4/03/2020 9:45:00 PM","1.06","1.16","4.09","2.27"
"4/03/2020 9:30:00 PM","1.03","1.19","3.97","2.02"
"4/03/2020 9:15:00 PM","1.16","1.22","3.94","2.31"
"4/03/2020 9:00:00 PM","1.03","1.09","3.88","1.81"
"4/03/2020 8:45:00 PM","1.25","1.06","4.06","1.86"
"4/03/2020 8:30:00 PM","0.94","1.13","3.91","1.75"
"4/03/2020 8:15:00 PM","1.38","1.25","4.25","2.88"
"4/03/2020 8:00:00 PM","1.25","1.06","4.34","2.95"
"4/03/2020 7:45:00 PM","1.34","1.28","4.56","2.58"
"4/03/2020 7:30:00 PM","1.69","1.41","4.31","2.97"
"4/03/2020 7:15:00 PM","2.56","1.84","4.84","2.83"
"4/03/2020 7:00:00 PM","3.00","2.69","4.94","2.77"
"4/03/2020 6:45:00 PM","2.81","3.00","4.72","2.89"
"4/03/2020 6:30:00 PM","3.06","3.53","5.03","2.00"
"4/03/2020 6:15:00 PM","2.88","4.19","4.91","1.53"
"4/03/2020 6:00:00 PM","2.59","4.16","5.69","4.08"
"4/03/2020 5:45:00 PM","2.22","3.63","5.72","4.47"
"4/03/2020 5:30:00 PM","3.56","5.16","7.72","4.92"
"4/03/2020 5:15:00 PM","3.53","5.06","7.63","4.88"
"4/03/2020 5:00:00 PM","3.53","6.06","7.66","4.97"
"4/03/2020 4:45:00 PM","3.38","6.22","7.97","4.97"
"4/03/2020 4:30:00 PM","3.88","6.41","7.88","5.00"
"4/03/2020 4:15:00 PM","3.94","6.59","8.53","5.00"
"4/03/2020 4:00:00 PM","4.78","6.47","8.31","5.16"
"4/03/2020 3:45:00 PM","4.47","6.28","8.28","5.13"
"4/03/2020 3:30:00 PM","4.81","6.41","8.38","5.20"
"4/03/2020 3:15:00 PM","4.50","6.66","7.88","5.28"
"4/03/2020 3:00:00 PM","5.16","6.78","8.00","5.31"
"4/03/2020 2:45:00 PM","5.34","6.97","8.06","5.42"
"4/03/2020 2:30:00 PM","4.97","7.09","7.97","5.42"
"4/03/2020 2:15:00 PM","5.03","7.03","8.06","5.23"
"4/03/2020 2:00:00 PM","4.91","7.00","7.88","5.28"
"4/03/2020 1:45:00 PM","4.94","7.16","8.13","5.25"
"4/03/2020 1:30:00 PM","5.28","6.81","7.47","5.38"
"4/03/2020 1:15:00 PM","4.88","6.91","8.06","5.02"
"4/03/2020 1:00:00 PM","5.31","6.16","7.81","5.33"
"4/03/2020 12:45:00 PM","5.19","5.84","7.56","5.38"
"4/03/2020 12:30:00 PM","4.31","5.22","7.19","5.30"
"4/03/2020 12:15:00 PM","3.97","4.84","6.97","5.44"
"4/03/2020 12:00:00 PM","4.03","4.94","7.06","5.42"
"4/03/2020 11:45:00 AM","3.94","5.44","7.09","5.53"
"4/03/2020 11:30:00 AM","4.78","5.81","7.13","5.45"
"4/03/2020 11:15:00 AM","4.72","5.78","6.59","5.06"
"4/03/2020 11:00:00 AM","4.56","5.41","6.63","5.19"
"4/03/2020 10:45:00 AM","4.09","5.00","6.38","5.19"
"4/03/2020 10:30:00 AM","3.88","4.28","6.88","5.28"
"4/03/2020 10:15:00 AM","4.00","4.66","6.75","5.36"
"4/03/2020 10:00:00 AM","4.13","4.47","6.59","5.33"
"4/03/2020 9:45:00 AM","3.66","4.16","6.25","5.45"
"4/03/2020 9:30:00 AM","3.03","3.78","6.41","5.38"
"4/03/2020 9:15:00 AM","3.19","3.81","6.16","5.28"
"4/03/2020 9:00:00 AM","2.81","3.63","6.03","4.92"
"4/03/2020 8:45:00 AM","2.81","4.06","5.88","5.17"
"4/03/2020 8:30:00 AM","2.47","4.19","5.88","4.89"
"4/03/2020 8:15:00 AM","2.47","4.34","5.88","4.33"
"4/03/2020 8:00:00 AM","2.59","4.31","5.78","4.56"
"4/03/2020 7:45:00 AM","2.75","4.31","6.09","4.44"
"4/03/2020 7:30:00 AM","3.25","4.22","6.09","4.31"
"4/03/2020 7:15:00 AM","3.28","4.31","6.97","4.66"
"4/03/2020 7:00:00 AM","2.41","3.41","6.81","3.36"
"4/03/2020 6:45:00 AM","2.00","3.19","6.88","3.31"
"4/03/2020 6:30:00 AM","2.72","3.06","6.47","3.55"
"4/03/2020 6:15:00 AM","3.34","3.06","5.78","3.16"
"4/03/2020 6:00:00 AM","3.19","3.06","5.50","3.02"
"4/03/2020 5:45:00 AM","3.13","2.88","5.00","3.33"
"4/03/2020 5:30:00 AM","3.31","3.34","4.22","2.94"
"4/03/2020 5:15:00 AM","4.13","3.53","4.13","2.59"
"4/03/2020 5:00:00 AM","3.41","3.44","5.00","2.64"
"4/03/2020 4:45:00 AM","2.19","3.84","5.78","2.47"
"4/03/2020 4:30:00 AM","1.25","4.59","5.25","2.66"
"4/03/2020 4:15:00 AM","1.56","4.56","4.59","3.16"
"4/03/2020 4:00:00 AM","1.69","3.78","3.81","2.67"
"4/03/2020 3:45:00 AM","1.50","2.00","3.53","1.75"
"4/03/2020 3:30:00 AM","1.31","1.78","3.19","1.11"
"4/03/2020 3:15:00 AM","0.69","1.69","2.91","0.58"
"4/03/2020 3:00:00 AM","0.66","1.78","2.94","0.73"
"4/03/2020 2:45:00 AM","0.72","1.66","2.91","0.95"
"4/03/2020 2:30:00 AM","0.72","1.75","2.97","0.84"
"4/03/2020 2:15:00 AM","0.66","1.78","3.13","1.05"
"4/03/2020 2:00:00 AM","0.75","1.72","3.41","1.02"
"4/03/2020 1:45:00 AM","0.75","1.78","3.34","0.56"
"4/03/2020 1:30:00 AM","0.66","1.75","3.22","0.84"
"4/03/2020 1:15:00 AM","0.69","1.75","3.22","1.11"
"4/03/2020 1:00:00 AM","0.78","1.78","2.81","0.59"
"4/03/2020 12:45:00 AM","0.63","1.66","2.88","0.80"
"4/03/2020 12:30:00 AM","0.72","1.69","2.84","1.52"
"4/03/2020 12:15:00 AM","0.72","1.63","2.75","1.72"
"4/03/2020 12:00:00 AM","0.84","1.75","2.94","1.77"
"3/03/2020 11:45:00 PM","1.16","1.81","2.69","1.97"
"3/03/2020 11:30:00 PM","1.00","1.72","2.97","1.47"
"3/03/2020 11:15:00 PM","1.03","1.72","2.81","1.52"
"3/03/2020 11:00:00 PM","1.06","1.78","2.91","1.67"
"3/03/2020 10:45:00 PM","1.09","1.84","2.78","1.27"
"3/03/2020 10:30:00 PM","1.06","1.72","3.34","1.92"
"3/03/2020 10:15:00 PM","0.97","1.66","3.53","2.98"
"3/03/2020 10:00:00 PM","1.25","1.72","3.88","2.86"
"3/03/2020 9:45:00 PM","0.91","1.81","4.03","2.95"
"3/03/2020 9:30:00 PM","1.16","1.75","4.09","3.22"
"3/03/2020 9:15:00 PM","1.28","1.75","4.09","2.61"
"3/03/2020 9:00:00 PM","1.13","1.97","3.97","3.08"
"3/03/2020 8:45:00 PM","1.38","1.88","4.34","3.13"
"3/03/2020 8:30:00 PM","1.81","2.06","4.41","2.94"
"3/03/2020 8:15:00 PM","1.78","2.06","4.78","2.84"
"3/03/2020 8:00:00 PM","1.84","2.13","4.78","2.63"
"3/03/2020 7:45:01 PM","1.91","2.09","4.63","2.86"
"3/03/2020 7:30:00 PM","2.22","2.16","4.81","2.73"
"3/03/2020 7:15:00 PM","2.19","2.09","4.91","2.64"
"3/03/2020 7:00:00 PM","2.31","2.56","5.72","2.34"
"3/03/2020 6:45:00 PM","3.28","3.31","5.75","2.39"
"3/03/2020 6:30:00 PM","3.63","3.66","5.84","1.92"
"3/03/2020 6:15:00 PM","3.00","3.50","5.78","1.77"
"3/03/2020 6:00:00 PM","2.81","3.41","6.06","4.36"
"3/03/2020 5:45:00 PM","2.38","4.47","6.13","4.59"
"3/03/2020 5:30:00 PM","4.06","6.25","8.19","5.11"
"3/03/2020 5:15:00 PM","4.44","6.31","8.59","5.00"
"3/03/2020 5:00:00 PM","4.50","6.50","9.16","5.42"
"3/03/2020 4:45:00 PM","3.97","6.56","8.63","5.36"
"3/03/2020 4:30:00 PM","4.41","6.41","8.41","5.34"
"3/03/2020 4:15:00 PM","4.56","6.31","8.28","5.34"
"3/03/2020 4:00:00 PM","4.75","5.66","8.53","5.39"
"3/03/2020 3:45:00 PM","5.25","5.34","8.09","5.25"
"3/03/2020 3:30:00 PM","5.50","5.28","8.47","5.17"
"3/03/2020 3:15:00 PM","5.66","5.00","7.94","5.33"
"3/03/2020 3:00:00 PM","5.78","5.59","8.03","5.52"
"3/03/2020 2:45:00 PM","5.47","6.13","7.81","4.91"
"3/03/2020 2:30:00 PM","5.47","6.56","7.75","5.08"
"3/03/2020 2:15:00 PM","5.53","6.22","8.00","5.23"
"3/03/2020 2:00:00 PM","5.53","6.44","7.75","5.33"
"3/03/2020 1:45:00 PM","5.16","6.50","7.72","5.41"
"3/03/2020 1:30:00 PM","5.16","7.03","7.19","5.47"
"3/03/2020 1:15:00 PM","5.22","6.88","7.31","5.23"
"3/03/2020 1:00:00 PM","5.47","6.41","7.22","5.48"
"3/03/2020 12:45:00 PM","5.47","4.91","7.31","5.34"
"3/03/2020 12:30:00 PM","5.31","4.69","7.31","5.25"
"3/03/2020 12:15:00 PM","5.22","4.69","7.78","5.41"
"3/03/2020 12:00:00 PM","5.06","4.72","7.66","5.66"
"3/03/2020 11:45:00 AM","4.75","5.47","7.81","5.73"
"3/03/2020 11:30:00 AM","4.56","5.66","7.44","5.73"
"3/03/2020 11:15:00 AM","4.63","6.00","7.47","5.30"
"3/03/2020 11:00:00 AM","4.25","5.44","6.69","5.16"
"3/03/2020 10:45:00 AM","3.22","5.56","7.22","5.38"
"3/03/2020 10:30:00 AM","3.25","5.47","6.69","5.31"
"3/03/2020 10:15:00 AM","3.56","5.00","6.88","5.30"
"3/03/2020 10:00:00 AM","3.31","5.09","6.84","5.14"
"3/03/2020 9:45:00 AM","3.00","4.78","6.75","4.95"
"3/03/2020 9:30:00 AM","2.63","4.44","6.38","5.13"
"3/03/2020 9:15:00 AM","2.56","4.47","6.34","5.14"
"3/03/2020 9:00:00 AM","2.63","4.34","6.56","5.08"
"3/03/2020 8:45:00 AM","2.63","4.47","6.69","5.36"
"3/03/2020 8:30:00 AM","2.59","4.25","6.72","5.20"
"3/03/2020 8:15:00 AM","2.78","4.00","6.47","5.13"
"3/03/2020 8:00:00 AM","2.50","4.34","6.28","4.77"
"3/03/2020 7:45:00 AM","2.91","4.44","6.28","4.59"
"3/03/2020 7:30:00 AM","3.63","3.63","6.44","4.84"
"3/03/2020 7:15:01 AM","3.63","3.66","7.06","4.88"
"3/03/2020 7:00:00 AM","3.03","3.47","7.09","3.89"
"3/03/2020 6:45:00 AM","2.22","3.69","6.53","3.86"
"3/03/2020 6:30:00 AM","2.75","3.75","6.22","3.95"
"3/03/2020 6:15:00 AM","3.09","3.59","6.19","3.53"
"3/03/2020 6:00:00 AM","3.03","2.69","6.06","3.47"
"3/03/2020 5:45:00 AM","2.63","2.44","5.41","3.52"
"3/03/2020 5:30:00 AM","1.75","2.81","4.84","2.91"
"3/03/2020 5:15:00 AM","2.63","2.81","6.34","2.89"
"3/03/2020 5:00:00 AM","3.44","2.69","6.59","2.94"
"3/03/2020 4:45:00 AM","2.63","3.50","7.41","2.73"
"3/03/2020 4:30:00 AM","1.66","4.41","7.75","2.80"
"3/03/2020 4:15:00 AM","1.69","3.50","6.94","2.98"
"3/03/2020 4:00:00 AM","1.34","2.09","6.13","2.86"
"3/03/2020 3:45:00 AM","1.59","1.25","5.72","1.83"
"3/03/2020 3:30:00 AM","1.13","1.19","5.53","1.02"
"3/03/2020 3:15:00 AM","0.81","1.00","5.41","0.89"
"3/03/2020 3:00:00 AM","0.69","0.97","5.22","0.75"
"3/03/2020 2:45:00 AM","0.81","1.00","5.25","0.66"
"3/03/2020 2:30:00 AM","0.56","1.03","5.09","0.94"
"3/03/2020 2:15:00 AM","0.75","0.97","5.38","0.81"
"3/03/2020 2:00:00 AM","0.72","1.00","5.31","0.78"
"3/03/2020 1:45:00 AM","0.69","1.00","5.66","0.56"
"3/03/2020 1:30:00 AM","0.72","0.91","5.59","0.72"
"3/03/2020 1:15:00 AM","0.75","0.91","5.44","0.78"
"3/03/2020 1:00:00 AM","0.53","1.06","5.13","0.81"
"3/03/2020 12:45:00 AM","0.78","1.00","5.16","0.77"
"3/03/2020 12:30:00 AM","0.69","1.03","5.22","0.75"
"3/03/2020 12:15:00 AM","0.75","1.00","5.13","0.69"
"3/03/2020 12:00:00 AM","0.88","1.00","5.22","0.67"
"2/03/2020 11:45:00 PM","0.94","1.03","5.19","0.77"
"2/03/2020 11:30:00 PM","1.06","0.94","5.38","0.70"
"2/03/2020 11:15:00 PM","1.13","0.97","5.28","0.91"
"2/03/2020 11:00:00 PM","1.00","1.03","5.25","0.75"
"2/03/2020 10:45:00 PM","1.06","1.09","5.28","0.70"
"2/03/2020 10:30:00 PM","1.00","1.16","6.03","1.75"
"2/03/2020 10:15:00 PM","1.06","0.97","6.34","2.45"
"2/03/2020 10:00:00 PM","1.06","0.97","6.25","2.77"
"2/03/2020 9:45:00 PM","0.97","1.06","5.16","2.09"
"2/03/2020 9:30:00 PM","1.28","0.97","4.88","1.88"
"2/03/2020 9:15:00 PM","0.88","1.00","5.28","1.92"
"2/03/2020 9:00:00 PM","1.09","1.00","5.53","1.73"
"2/03/2020 8:45:00 PM","1.28","1.03","5.66","1.56"
"2/03/2020 8:30:00 PM","1.03","1.00","5.44","1.53"
"2/03/2020 8:15:00 PM","1.13","1.13","5.78","2.75"
"2/03/2020 8:00:00 PM","1.22","1.19","5.75","2.70"
"2/03/2020 7:45:00 PM","1.75","1.56","6.06","2.75"
"2/03/2020 7:30:00 PM","1.88","1.59","5.94","2.36"
"2/03/2020 7:15:00 PM","1.47","1.69","5.91","2.42"
"2/03/2020 7:00:00 PM","1.75","2.22","5.97","2.28"
"2/03/2020 6:45:01 PM","1.66","2.28","6.16","2.17"
"2/03/2020 6:30:00 PM","1.81","2.03","6.09","1.89"
"2/03/2020 6:15:00 PM","1.84","2.25","6.22","1.55"
"2/03/2020 6:00:00 PM","1.63","2.38","6.28","4.50"
"2/03/2020 5:45:00 PM","2.44","4.06","7.34","4.83"
"2/03/2020 5:30:00 PM","4.09","5.72","9.13","5.23"
"2/03/2020 5:15:00 PM","4.78","5.63","9.34","5.31"
"2/03/2020 5:00:00 PM","5.56","5.75","9.31","5.22"
"2/03/2020 4:45:00 PM","5.47","5.91","9.41","4.86"
"2/03/2020 4:30:00 PM","5.56","6.31","9.88","4.97"
"2/03/2020 4:15:00 PM","5.53","6.41","10.09","4.80"
"2/03/2020 4:00:00 PM","5.66","6.31","9.81","4.73"
"2/03/2020 3:45:00 PM","5.47","6.31","9.94","4.69"
"2/03/2020 3:30:00 PM","5.66","6.25","10.06","4.38"
"2/03/2020 3:15:00 PM","4.97","6.22","10.13","4.58"
"2/03/2020 3:00:00 PM","4.59","6.19","10.28","4.55"
"2/03/2020 2:45:00 PM","4.63","6.13","10.22","4.72"
"2/03/2020 2:30:00 PM","4.34","6.06","10.09","4.83"
"2/03/2020 2:15:00 PM","4.75","5.75","10.09","4.91"
"2/03/2020 2:00:00 PM","4.34","5.47","9.97","4.91"
"2/03/2020 1:45:00 PM","4.59","5.41","9.63","5.03"
"2/03/2020 1:30:00 PM","4.44","5.44","9.47","4.86"
"2/03/2020 1:15:00 PM","4.13","5.50","9.31","5.16"
"2/03/2020 1:00:00 PM","4.59","5.28","10.00","5.14"
"2/03/2020 12:45:00 PM","3.94","4.81","10.03","5.14"
"2/03/2020 12:30:00 PM","4.19","4.81","10.00","5.23"
"2/03/2020 12:15:00 PM","4.31","5.38","10.03","4.86"
"2/03/2020 12:00:00 PM","4.91","5.81","9.91","5.17"
"2/03/2020 11:45:00 AM","4.63","6.03","9.81","4.67"
"2/03/2020 11:30:00 AM","4.84","5.91","9.97","4.92"
"2/03/2020 11:15:00 AM","4.31","5.53","9.97","4.94"
"2/03/2020 11:00:00 AM","4.03","5.00","8.91","4.75"
"2/03/2020 10:45:00 AM","4.13","4.31","8.72","5.08"
"2/03/2020 10:30:00 AM","3.84","4.03","8.78","5.20"
"2/03/2020 10:15:00 AM","3.84","3.94","8.22","4.91"
"2/03/2020 10:00:00 AM","3.84","3.97","7.78","5.11"
"2/03/2020 9:45:00 AM","4.25","4.19","7.16","5.31"
"2/03/2020 9:30:00 AM","3.97","4.19","7.22","4.92"
"2/03/2020 9:15:00 AM","3.16","4.00","6.59","5.31"
"2/03/2020 9:00:00 AM","2.91","3.91","6.66","4.66"
"2/03/2020 8:45:00 AM","3.00","4.25","7.09","5.23"
"2/03/2020 8:30:00 AM","3.09","4.03","7.97","5.22"
"2/03/2020 8:15:00 AM","2.34","3.78","7.97","5.27"
"2/03/2020 8:00:00 AM","2.72","3.66","8.25","5.13"
"2/03/2020 7:45:00 AM","2.53","3.81","8.50","4.92"
"2/03/2020 7:30:00 AM","2.97","3.53","9.00","4.47"
"2/03/2020 7:15:00 AM","3.59","2.94","8.56","4.30"
"2/03/2020 7:00:00 AM","4.03","2.97","8.59","3.75"
"2/03/2020 6:45:00 AM","3.09","2.81","8.47","4.02"
"2/03/2020 6:30:00 AM","2.81","2.84","8.59","4.03"
"2/03/2020 6:15:01 AM","3.03","2.50","8.38","3.63"
"2/03/2020 6:15:00 AM","3.34","1.97","7.72","3.63"
"2/03/2020 6:00:00 AM","3.34","1.97","7.72","3.92"
"2/03/2020 5:45:00 AM","2.44","2.13","6.97","3.31"
"2/03/2020 5:30:00 AM","2.25","3.41","6.28","3.23"
"2/03/2020 5:15:00 AM","3.44","3.38","6.44","2.95"
"2/03/2020 5:00:00 AM","4.22","3.31","6.53","2.94"
"2/03/2020 4:45:00 AM","2.59","3.91","7.69","2.77"
"2/03/2020 4:30:00 AM","1.94","3.16","8.16","2.28"
"2/03/2020 4:15:00 AM","1.88","2.53","7.63","2.53"
"2/03/2020 4:00:00 AM","1.47","1.91","6.38","1.34"
"2/03/2020 3:45:00 AM","281,082.88","320,913.53","498,860.25","207,019.09"
"2/03/2020 2:30:00 AM","1.00","1.47","5.28","0.80"
"2/03/2020 2:15:00 AM","1.06","0.97","5.50","1.11"
"2/03/2020 2:00:00 AM","1.09","1.22","6.28","0.86"
"2/03/2020 1:45:00 AM","1.13","1.13","6.00","1.19"
"2/03/2020 1:30:00 AM","1.19","1.03","6.22","1.17"
"2/03/2020 1:15:00 AM","1.25","1.06","6.09","1.03"
"2/03/2020 1:00:00 AM","1.28","1.16","5.53","1.13"
"2/03/2020 12:45:00 AM","281,073.53","320,904.06","498,811.88","207,010.72"
"1/03/2020 10:45:00 PM","1.25","1.56","5.63","0.83"
"1/03/2020 10:30:00 PM","0.97","1.59","5.34","0.84"
"1/03/2020 10:15:00 PM","1.13","1.09","6.16","1.56"
"1/03/2020 10:00:00 PM","1.06","1.16","5.97","2.52"
"1/03/2020 9:45:00 PM","1.16","1.16","6.13","2.59"
"1/03/2020 9:30:00 PM","1.00","1.13","6.13","2.56"
"1/03/2020 9:15:00 PM","1.13","1.13","6.22","2.52"
"1/03/2020 9:00:00 PM","1.09","1.09","6.16","2.58"
"1/03/2020 8:45:00 PM","1.34","1.09","6.03","2.55"
"1/03/2020 8:30:00 PM","0.97","1.19","6.22","2.48"
"1/03/2020 8:15:00 PM","1.16","1.16","5.91","2.17"
"1/03/2020 8:00:00 PM","1.16","1.19","6.28","2.77"
"1/03/2020 7:45:00 PM","1.09","1.09","6.25","2.81"
"1/03/2020 7:30:00 PM","1.09","1.16","6.19","2.88"
"1/03/2020 7:15:00 PM","1.09","1.13","6.19","2.97"
"1/03/2020 7:00:00 PM","1.28","1.19","6.38","2.88"
"1/03/2020 6:45:00 PM","0.97","1.13","6.09","3.00"
"1/03/2020 6:30:00 PM","1.09","1.19","6.22","3.13"
"1/03/2020 6:15:00 PM","1.19","1.13","5.91","3.09"
"1/03/2020 6:00:00 PM","1.16","1.09","6.19","3.22"
"1/03/2020 5:45:00 PM","1.09","1.16","6.28","3.47"
"1/03/2020 5:30:00 PM","1.25","1.63","7.06","3.50"
"1/03/2020 5:15:00 PM","1.28","1.91","6.69","3.48"
"1/03/2020 5:00:00 PM","1.25","2.03","6.78","3.33"
"1/03/2020 4:45:00 PM","1.22","1.97","6.34","3.25"
"1/03/2020 4:30:00 PM","1.09","1.88","6.25","3.44"
"1/03/2020 4:15:00 PM","1.03","1.88","6.47","3.50"
"1/03/2020 4:00:00 PM","1.03","1.88","6.50","3.42"
"1/03/2020 3:45:00 PM","1.09","1.91","6.66","3.47"
"1/03/2020 3:30:00 PM","1.03","1.81","6.81","3.30"
"1/03/2020 3:15:00 PM","1.25","1.81","6.47","3.48"
"1/03/2020 3:00:00 PM","1.00","1.56","6.13","3.47"
"1/03/2020 2:45:00 PM","1.09","1.13","6.13","3.34"
"1/03/2020 2:30:00 PM","1.09","1.13","6.09","3.41"
"1/03/2020 2:15:00 PM","1.00","1.13","6.47","3.27"
"1/03/2020 2:00:00 PM","1.16","1.09","6.41","3.31"
"1/03/2020 1:45:00 PM","1.25","1.13","6.28","3.52"
"1/03/2020 1:30:00 PM","1.41","1.06","6.50","3.52"
"1/03/2020 1:15:00 PM","1.47","1.09","6.44","3.34"
"1/03/2020 1:00:00 PM","1.31","1.03","6.75","3.14"
"1/03/2020 12:45:00 PM","1.44","1.03","6.47","3.61"
"1/03/2020 12:30:00 PM","1.34","1.31","6.13","3.23"
"1/03/2020 12:15:00 PM","1.69","1.25","6.28","3.44"
"1/03/2020 12:00:00 PM","1.59","1.28","6.72","3.05"
"1/03/2020 11:45:00 AM","1.84","1.13","6.84","3.13"
"1/03/2020 11:30:00 AM","1.19","1.16","7.03","3.08"
"1/03/2020 11:15:00 AM","1.25","1.00","6.63","3.00"
"1/03/2020 11:00:00 AM","1.25","1.19","7.09","2.98"
"1/03/2020 10:45:00 AM","1.28","1.16","7.03","3.13"
"1/03/2020 10:30:00 AM","1.25","1.09","6.41","2.81"
"1/03/2020 10:15:00 AM","1.03","1.06","6.38","3.02"
"1/03/2020 10:00:00 AM","1.13","1.13","6.16","2.92"
"1/03/2020 9:45:00 AM","1.00","1.28","6.19","2.80"
"1/03/2020 9:30:00 AM","1.13","1.38","5.91","2.97"
"1/03/2020 9:15:00 AM","0.94","1.44","5.97","2.91"
"1/03/2020 9:00:00 AM","1.28","1.19","5.88","2.78"
"1/03/2020 8:45:00 AM","0.94","1.03","5.94","2.45"
"1/03/2020 8:30:00 AM","1.03","1.06","5.84","2.11"
"1/03/2020 8:15:00 AM","1.06","1.06","5.94","1.97"
"1/03/2020 8:00:00 AM","1.00","1.00","5.78","1.88"
"1/03/2020 7:45:00 AM","1.25","1.00","5.66","1.00"
"1/03/2020 7:30:00 AM","0.91","1.03","5.31","0.91"
"1/03/2020 7:15:00 AM","1.09","1.19","5.53","0.70"
"1/03/2020 7:00:00 AM","1.00","1.19","5.28","0.95"
"1/03/2020 6:45:00 AM","1.13","0.88","5.47","0.67"
"1/03/2020 6:30:00 AM","0.66","1.03","5.38","0.83"
"1/03/2020 6:15:00 AM","0.78","1.06","5.44","0.72"
"1/03/2020 6:00:00 AM","0.75","0.97","5.66","0.97"
"1/03/2020 5:45:00 AM","0.59","1.03","5.59","1.02"
"1/03/2020 5:30:00 AM","0.81","1.03","5.78","1.08"
"1/03/2020 5:15:00 AM","0.66","1.03","5.56","0.59"
"1/03/2020 5:00:00 AM","0.72","1.03","5.56","0.78"
"1/03/2020 4:45:00 AM","0.75","1.06","5.69","0.91"
"1/03/2020 4:30:00 AM","0.66","0.97","5.56","0.58"
"1/03/2020 4:15:00 AM","0.72","1.09","5.72","0.89"
"1/03/2020 4:00:00 AM","0.72","0.88","5.53","1.00"
"1/03/2020 3:45:00 AM","0.66","1.06","5.47","0.45"
"1/03/2020 3:30:00 AM","0.84","1.03","5.47","0.78"
"1/03/2020 3:15:00 AM","0.56","1.00","5.53","0.83"
"1/03/2020 3:00:00 AM","0.81","1.09","5.41","0.84"
"1/03/2020 2:45:00 AM","0.97","1.03","5.59","0.83"
"1/03/2020 2:30:00 AM","1.09","1.06","5.41","0.83"
"1/03/2020 2:15:00 AM","0.91","1.00","5.56","0.84"
"1/03/2020 2:00:01 AM","0.94","1.03","5.47","0.84"
"1/03/2020 2:00:00 AM","1.13","1.03","5.47","0.64"
"1/03/2020 1:45:00 AM","1.13","1.00","5.47","0.64"
"1/03/2020 1:30:00 AM","0.91","1.09","5.44","0.83"
"1/03/2020 1:15:00 AM","0.72","1.03","5.53","0.91"
"1/03/2020 1:00:00 AM","0.69","0.94","5.47","0.66"
"1/03/2020 12:45:00 AM","0.84","0.94","5.75","1.48"
"1/03/2020 12:30:00 AM","0.59","1.03","5.72","1.94"
"1/03/2020 12:15:00 AM","0.78","1.03","5.66","1.69"
"1/03/2020 12:00:00 AM","0.88","1.09","5.53","1.75"
"29/02/2020 11:45:00 PM","1.03","1.06","5.59","1.70"
"29/02/2020 11:30:00 PM","1.03","1.03","5.34","1.63"
"29/02/2020 11:15:00 PM","1.16","1.03","5.34","1.77"
"29/02/2020 11:00:00 PM","0.88","1.03","5.47","1.31"
"29/02/2020 10:45:00 PM","1.09","1.09","5.53","1.23"
"29/02/2020 10:30:00 PM","1.06","1.13","5.78","1.55"
"29/02/2020 10:15:00 PM","1.22","1.09","6.16","2.61"
"29/02/2020 10:00:00 PM","0.97","1.09","6.00","2.84"
"29/02/2020 9:45:00 PM","1.06","1.00","6.09","2.97"
"29/02/2020 9:30:00 PM","1.06","1.06","6.13","3.06"
"29/02/2020 9:15:00 PM","1.06","1.06","6.03","2.42"
"29/02/2020 9:00:00 PM","1.03","1.06","6.06","2.97"
"29/02/2020 8:45:00 PM","1.06","1.09","6.16","2.50"
"29/02/2020 8:30:00 PM","1.09","1.09","6.19","2.14"
"29/02/2020 8:15:00 PM","1.06","1.06","5.84","1.91"
"29/02/2020 8:00:00 PM","1.13","1.09","6.03","1.61"
"29/02/2020 7:45:00 PM","1.03","1.09","5.81","1.41"
"29/02/2020 7:30:00 PM","1.09","1.09","6.06","2.45"
"29/02/2020 7:15:00 PM","1.06","1.13","6.31","2.97"
"29/02/2020 7:00:00 PM","1.16","1.28","6.63","2.97"
"29/02/2020 6:45:00 PM","1.13","1.16","6.56","2.81"
"29/02/2020 6:30:00 PM","1.25","1.28","6.84","2.83"
"29/02/2020 6:15:00 PM","1.25","1.28","6.59","3.13"
"29/02/2020 6:00:00 PM","1.69","1.19","6.69","3.41"
"29/02/2020 5:45:00 PM","1.84","1.13","6.63","3.47"
"29/02/2020 5:30:00 PM","1.91","1.22","7.09","3.19"
"29/02/2020 5:15:00 PM","2.66","1.59","7.22","3.48"
"29/02/2020 5:00:00 PM","2.78","1.63","7.53","3.33"
"29/02/2020 4:45:00 PM","3.34","2.09","7.84","3.41"
"29/02/2020 4:30:00 PM","3.22","2.22","8.00","3.42"
"29/02/2020 4:15:00 PM","3.50","2.25","8.09","3.58"
"29/02/2020 4:00:00 PM","3.16","2.22","7.91","3.52"
"29/02/2020 3:45:00 PM","3.34","2.22","7.94","3.45"
"29/02/2020 3:30:00 PM","3.19","2.03","8.00","3.34"
"29/02/2020 3:15:00 PM","3.34","2.28","8.13","3.55"
"29/02/2020 3:00:00 PM","3.22","2.28","7.47","3.52"
"29/02/2020 2:45:00 PM","3.31","2.81","7.50","3.50"
"29/02/2020 2:30:00 PM","3.28","2.53","7.41","3.42"
"29/02/2020 2:15:00 PM","3.22","2.50","7.03","3.39"
"29/02/2020 2:00:00 PM","3.41","2.59","6.94","3.34"
"29/02/2020 1:45:00 PM","3.16","2.56","6.91","3.36"
"29/02/2020 1:30:00 PM","3.38","2.53","6.97","3.38"
"29/02/2020 1:15:00 PM","3.34","2.25","7.69","3.30"
"29/02/2020 1:00:00 PM","3.19","2.19","7.78","3.23"
"29/02/2020 12:45:00 PM","2.97","1.97","7.19","3.28"
"29/02/2020 12:30:00 PM","1.72","2.00","6.34","3.47"
"29/02/2020 12:15:00 PM","2.31","1.97","4.69","3.08"
"29/02/2020 12:00:00 PM","2.59","1.94","4.88","2.98"
"29/02/2020 11:45:00 AM","2.69","2.00","5.31","2.80"
"29/02/2020 11:30:00 AM","2.78","1.72","5.28","2.84"
"29/02/2020 11:15:00 AM","2.81","1.63","4.31","2.70"
"29/02/2020 11:00:00 AM","3.00","1.34","4.41","2.94"
"29/02/2020 10:45:00 AM","1.91","1.38","4.38","2.89"
"29/02/2020 10:30:00 AM","1.16","1.41","4.44","2.86"
"29/02/2020 10:15:00 AM","1.22","1.28","4.16","2.67"
"29/02/2020 10:00:00 AM","1.03","1.41","4.59","2.28"
"29/02/2020 9:45:00 AM","1.22","1.56","4.28","2.00"
"29/02/2020 9:30:00 AM","1.19","1.50","4.50","1.91"
"29/02/2020 9:15:00 AM","1.16","1.31","4.13","1.52"
"29/02/2020 9:00:00 AM","1.19","1.25","3.84","1.36"
"29/02/2020 8:45:00 AM","1.00","1.47","3.94","0.98"
"29/02/2020 8:30:00 AM","1.00","1.84","4.03","1.23"
"29/02/2020 8:15:00 AM","1.09","1.72","4.03","1.23"
"29/02/2020 8:00:00 AM","1.06","2.25","3.97","2.23"
"29/02/2020 7:45:00 AM","0.97","2.09","4.06","2.55"
"29/02/2020 7:30:00 AM","1.09","1.19","3.97","2.02"
"29/02/2020 7:15:00 AM","1.06","1.09","4.03","2.09"
"29/02/2020 7:00:00 AM","1.28","0.94","4.16","1.89"
"29/02/2020 6:45:00 AM","0.84","1.03","5.31","2.09"
"29/02/2020 6:30:00 AM","0.75","1.06","5.72","2.06"
"29/02/2020 6:15:00 AM","0.75","1.06","5.69","1.97"
"29/02/2020 6:00:00 AM","0.69","1.06","5.38","0.84"
"29/02/2020 5:45:00 AM","0.66","1.03","5.19","0.92"
"29/02/2020 5:30:00 AM","0.75","1.03","5.03","0.52"
"29/02/2020 5:15:00 AM","0.84","1.03","5.03","0.84"
"29/02/2020 5:00:00 AM","0.91","1.03","4.94","0.92"
"29/02/2020 4:45:00 AM","0.56","1.09","5.13","1.00"
"29/02/2020 4:30:00 AM","0.75","0.94","4.78","0.69"
"29/02/2020 4:15:00 AM","0.69","0.97","4.47","0.98"
"29/02/2020 4:00:00 AM","0.69","1.06","3.34","0.70"
"29/02/2020 3:45:00 AM","0.72","1.00","3.53","0.95"
"29/02/2020 3:30:00 AM","0.69","1.00","3.81","1.50"
"29/02/2020 3:15:00 AM","0.75","1.03","3.59","1.06"
"29/02/2020 3:00:00 AM","0.72","1.03","3.72","1.44"
"29/02/2020 2:45:00 AM","0.66","1.06","3.63","1.45"
"29/02/2020 2:30:00 AM","0.72","1.03","3.69","1.44"
"29/02/2020 2:15:00 AM","0.72","1.06","3.59","1.13"
"29/02/2020 2:00:00 AM","0.91","0.97","3.69","1.48"
"29/02/2020 1:45:00 AM","0.53","1.09","3.50","0.88"
"29/02/2020 1:30:00 AM","0.78","1.03","3.22","0.95"
"29/02/2020 1:15:00 AM","0.78","1.06","3.22","0.84"
"29/02/2020 1:00:01 AM","0.56","1.06","3.06","0.95"
"29/02/2020 1:00:00 AM","0.81","1.06","3.06","1.09"
"29/02/2020 12:45:00 AM","0.81","1.00","3.22","1.09"
"29/02/2020 12:30:00 AM","0.63","1.09","2.94","0.63"
"29/02/2020 12:15:00 AM","0.66","0.94","2.84","0.75"
"29/02/2020 12:00:00 AM","0.91","1.00","2.97","0.94"
"28/02/2020 11:45:00 PM","1.00","1.00","2.81","0.77"
"28/02/2020 11:30:00 PM","1.09","1.03","3.00","0.72"
"28/02/2020 11:15:00 PM","1.06","1.06","3.06","0.92"
"28/02/2020 11:00:00 PM","0.97","1.06","3.22","0.84"
"28/02/2020 10:45:00 PM","1.09","0.97","3.44","0.75"
"28/02/2020 10:30:00 PM","1.03","1.16","3.59","1.56"
"28/02/2020 10:15:00 PM","1.13","1.16","3.75","2.20"
"28/02/2020 10:00:00 PM","1.03","0.97","3.91","2.52"
"28/02/2020 9:45:00 PM","0.94","1.00","3.81","2.31"
"28/02/2020 9:30:00 PM","1.16","1.09","3.75","2.20"
"28/02/2020 9:15:00 PM","0.94","1.06","4.25","1.80"
"28/02/2020 9:00:00 PM","1.09","1.06","4.97","2.08"
"28/02/2020 8:45:00 PM","1.03","1.03","5.63","1.33"
"28/02/2020 8:30:00 PM","1.31","1.03","5.59","1.64"
"28/02/2020 8:15:00 PM","1.16","1.09","6.06","2.89"
"28/02/2020 8:00:00 PM","1.00","1.09","6.00","2.84"
"28/02/2020 7:45:00 PM","1.13","1.06","6.00","2.88"
"28/02/2020 7:30:00 PM","0.97","1.09","5.94","3.06"
"28/02/2020 7:15:00 PM","1.31","1.25","6.13","2.63"
"28/02/2020 7:00:00 PM","1.56","2.09","6.38","3.02"
"28/02/2020 6:45:00 PM","1.88","2.78","6.72","2.25"
"28/02/2020 6:30:00 PM","2.09","2.34","7.13","2.05"
"28/02/2020 6:15:00 PM","1.59","2.28","6.69","1.83"
"28/02/2020 6:00:00 PM","1.56","2.28","7.13","4.45"
"28/02/2020 5:45:00 PM","1.72","4.13","7.56","4.80"
"28/02/2020 5:30:00 PM","3.44","5.59","8.97","5.30"
"28/02/2020 5:15:00 PM","4.06","5.63","9.19","5.38"
"28/02/2020 5:00:00 PM","4.09","5.88","9.25","5.34"
"28/02/2020 4:45:00 PM","4.22","6.16","9.13","5.31"
"28/02/2020 4:30:00 PM","4.31","6.25","9.31","5.25"
"28/02/2020 4:15:00 PM","4.56","6.31","9.06","5.22"
"28/02/2020 4:00:00 PM","4.44","6.81","9.44","5.38"
"28/02/2020 3:45:00 PM","4.38","6.50","9.81","5.55"
"28/02/2020 3:30:00 PM","3.97","6.25","9.81","5.28"
"28/02/2020 3:15:00 PM","4.28","6.72","9.88","5.20"
"28/02/2020 3:00:00 PM","4.78","6.41","9.47","4.95"
"28/02/2020 2:45:00 PM","4.53","6.41","9.22","5.22"
"28/02/2020 2:30:00 PM","3.44","5.94","9.31","4.91"
"28/02/2020 2:15:00 PM","3.50","5.78","9.13","5.30"
"28/02/2020 2:00:00 PM","3.72","5.72","9.56","5.17"
"28/02/2020 1:45:00 PM","3.72","5.88","8.63","5.22"
"28/02/2020 1:30:00 PM","4.06","5.88","7.88","5.16"
"28/02/2020 1:15:00 PM","3.88","5.81","8.19","5.14"
"28/02/2020 1:00:00 PM","3.28","6.22","8.13","5.19"
"28/02/2020 12:45:00 PM","3.47","6.16","7.94","5.11"
"28/02/2020 12:30:01 PM","3.28","5.88","8.06","5.00"
"28/02/2020 12:30:00 PM","3.50","5.56","7.31","5.00"
"28/02/2020 12:15:00 PM","3.50","5.56","7.31","4.95"
"28/02/2020 12:00:00 PM","2.78","5.56","7.81","5.06"
"28/02/2020 11:45:00 AM","3.06","5.16","7.47","4.52"
"28/02/2020 11:30:00 AM","3.16","5.63","7.22","4.92"
"28/02/2020 11:15:00 AM","3.22","5.44","7.28","4.91"
"28/02/2020 11:00:00 AM","3.41","5.41","7.50","5.03"
"28/02/2020 10:45:00 AM","5.19","5.09","7.41","5.28"
"28/02/2020 10:30:00 AM","4.78","5.00","7.44","5.34"
"28/02/2020 10:15:00 AM","4.28","4.59","7.38","5.20"
"28/02/2020 10:00:00 AM","3.16","3.78","7.25","5.22"
"28/02/2020 9:45:00 AM","3.22","3.88","6.97","5.45"
"28/02/2020 9:30:00 AM","3.53","3.75","6.69","5.00"
"28/02/2020 9:15:00 AM","3.28","3.81","6.84","5.19"
"28/02/2020 9:00:00 AM","2.47","3.94","6.66","5.34"
"28/02/2020 8:45:00 AM","2.88","3.53","6.59","4.86"
"28/02/2020 8:30:00 AM","3.28","3.53","6.28","5.13"
"28/02/2020 8:15:00 AM","3.31","3.41","6.31","5.23"
"28/02/2020 8:00:00 AM","3.47","3.44","6.06","5.08"
"28/02/2020 7:45:00 AM","3.06","3.06","5.94","5.20"
"28/02/2020 7:30:00 AM","3.63","2.97","6.13","4.63"
"28/02/2020 7:15:00 AM","3.72","2.75","6.78","4.66"
"28/02/2020 7:00:00 AM","3.09","3.16","6.75","3.86"
"28/02/2020 6:45:00 AM","2.63","3.19","6.50","3.86"
"28/02/2020 6:30:00 AM","2.63","3.16","6.00","4.09"
"28/02/2020 6:15:00 AM","3.16","2.72","6.28","3.92"
"28/02/2020 6:00:00 AM","3.00","2.56","6.03","3.72"
"28/02/2020 5:45:00 AM","2.75","2.66","5.09","3.31"
"28/02/2020 5:30:00 AM","2.22","2.69","3.84","2.97"
"28/02/2020 5:15:00 AM","2.44","2.56","4.25","3.17"
"28/02/2020 5:00:00 AM","2.22","2.75","4.47","2.55"
"28/02/2020 4:45:00 AM","2.69","4.22","4.88","2.77"
"28/02/2020 4:30:00 AM","3.44","4.50","5.81","2.59"
"28/02/2020 4:15:00 AM","2.56","2.97","6.06","3.13"
"28/02/2020 4:00:00 AM","2.25","1.78","4.91","2.73"
"28/02/2020 3:45:00 AM","1.56","1.31","3.88","2.11"
"28/02/2020 3:30:00 AM","1.16","1.16","3.34","1.63"
"28/02/2020 3:15:00 AM","0.84","1.09","3.66","0.58"
"28/02/2020 3:00:00 AM","0.69","1.00","3.44","0.83"
"28/02/2020 2:45:00 AM","0.56","1.06","3.53","0.81"
"28/02/2020 2:30:00 AM","0.75","1.06","3.63","0.69"
"28/02/2020 2:15:00 AM","0.75","1.03","3.38","0.69"
"28/02/2020 2:00:00 AM","0.69","1.06","3.31","0.81"
"28/02/2020 1:45:00 AM","0.81","1.03","3.22","0.98"
"28/02/2020 1:30:00 AM","0.53","1.03","3.22","0.98"
"28/02/2020 1:15:00 AM","0.75","1.06","3.31","1.00"
"28/02/2020 1:00:00 AM","0.66","0.94","3.03","1.00"
"28/02/2020 12:45:00 AM","0.63","1.06","3.06","1.02"
"28/02/2020 12:30:00 AM","0.91","1.06","3.28","1.63"
"28/02/2020 12:15:00 AM","0.91","1.00","3.22","1.19"
"28/02/2020 12:00:01 AM","1.19","1.00","3.41","1.27"
"28/02/2020 12:00:00 AM","280,591.84","320,346.28","497,145.25","1.27"
"27/02/2020 11:45:00 PM","280,591.84","320,346.28","497,145.25","206,263.30"
"27/02/2020 11:30:00 PM","0.97","0.97","4.09","1.91"
"27/02/2020 11:15:00 PM","1.13","1.16","3.91","1.95"
"27/02/2020 11:00:00 PM","1.09","1.00","4.25","2.00"
"27/02/2020 10:45:00 PM","1.00","1.06","4.00","2.11"
"27/02/2020 10:30:00 PM","1.16","0.94","4.16","2.03"
"27/02/2020 10:15:00 PM","1.66","1.22","4.25","2.09"
"27/02/2020 10:00:00 PM","2.03","1.22","4.03","2.11"
"27/02/2020 9:45:00 PM","1.94","1.13","4.16","2.16"
"27/02/2020 9:30:00 PM","1.63","1.09","4.00","2.14"
"27/02/2020 9:15:00 PM","2.09","1.31","4.00","1.88"
"27/02/2020 9:00:00 PM","2.09","1.16","4.19","1.72"
"27/02/2020 8:45:00 PM","2.22","1.22","3.94","1.63"
"27/02/2020 8:30:00 PM","1.91","1.25","4.16","1.84"
"27/02/2020 8:15:00 PM","2.03","1.16","4.16","2.16"
"27/02/2020 8:00:00 PM","2.09","1.16","3.97","2.09"
"27/02/2020 7:45:00 PM","2.06","1.28","4.28","2.06"
"27/02/2020 7:30:00 PM","2.00","1.44","4.31","2.03"
"27/02/2020 7:15:00 PM","2.47","1.88","4.69","2.02"
"27/02/2020 7:00:00 PM","2.47","2.00","4.75","2.19"
"27/02/2020 6:45:00 PM","2.72","1.84","4.25","2.19"
"27/02/2020 6:30:00 PM","2.16","2.38","4.25","1.91"
"27/02/2020 6:15:00 PM","2.47","2.38","4.34","1.61"
"27/02/2020 6:00:00 PM","2.38","2.44","5.03","3.66"
"27/02/2020 5:45:00 PM","3.16","4.25","5.81","3.80"
"27/02/2020 5:30:00 PM","4.63","6.00","7.34","4.20"
"27/02/2020 5:15:00 PM","5.34","5.72","7.72","4.27"
"27/02/2020 5:00:00 PM","5.22","5.75","7.66","4.30"
"27/02/2020 4:45:00 PM","5.22","5.75","8.09","4.30"
"27/02/2020 4:30:00 PM","5.38","5.41","8.09","4.34"
"27/02/2020 4:15:00 PM","5.13","5.94","8.03","4.44"
"27/02/2020 4:00:00 PM","5.25","6.06","8.06","4.42"
"27/02/2020 3:45:00 PM","5.06","5.97","7.72","4.41"
"27/02/2020 3:30:00 PM","5.34","6.31","8.16","4.39"
"27/02/2020 3:15:00 PM","4.69","6.16","8.22","4.41"
"27/02/2020 3:00:00 PM","4.63","5.47","8.00","4.39"
"27/02/2020 2:45:00 PM","5.38","5.13","7.97","4.47"
"27/02/2020 2:30:00 PM","5.22","5.38","7.66","4.47"
"27/02/2020 2:15:00 PM","4.66","5.47","7.53","4.34"
"27/02/2020 2:00:00 PM","4.09","5.59","7.72","4.33"
"27/02/2020 1:45:00 PM","4.09","5.97","8.00","4.23"
"27/02/2020 1:30:00 PM","4.31","5.81","7.91","4.31"
"27/02/2020 1:15:00 PM","4.06","5.69","7.97","4.27"
"27/02/2020 1:00:00 PM","3.56","5.13","8.53","4.20"
"27/02/2020 12:45:00 PM","3.13","5.19","8.28","4.19"
"27/02/2020 12:30:00 PM","3.03","5.13","7.94","3.83"
"27/02/2020 12:15:00 PM","2.97","4.97","8.28","3.97"
"27/02/2020 12:00:00 PM","3.13","5.09","8.34","3.84"
"27/02/2020 11:45:00 AM","3.63","4.94","8.34","3.98"
"27/02/2020 11:30:00 AM","3.31","5.03","8.13","4.05"
"27/02/2020 11:15:00 AM","2.16","4.66","7.75","3.94"
"27/02/2020 11:00:00 AM","2.13","4.91","7.56","3.92"
"27/02/2020 10:45:00 AM","2.16","4.47","7.88","3.98"
"27/02/2020 10:30:00 AM","1.75","4.97","8.06","4.03"
"27/02/2020 10:15:00 AM","1.78","4.56","7.69","3.94"
"27/02/2020 10:00:00 AM","2.78","5.19","7.69","3.89"
"27/02/2020 9:45:00 AM","3.00","4.91","7.81","4.00"
"27/02/2020 9:30:00 AM","2.56","4.81","7.69","4.33"
"27/02/2020 9:15:00 AM","2.56","4.38","7.41","3.92"
"27/02/2020 9:00:00 AM","3.19","3.66","7.44","3.89"
"27/02/2020 8:45:00 AM","3.06","3.50","7.28","3.72"
"27/02/2020 8:30:00 AM","2.97","3.22","7.19","3.84"
"27/02/2020 8:15:00 AM","2.97","3.28","7.06","3.83"
"27/02/2020 8:00:00 AM","3.09","3.09","6.88","3.80"
"27/02/2020 7:45:00 AM","3.56","3.34","6.38","3.70"
"27/02/2020 7:30:00 AM","3.66","3.00","6.41","3.67"
"27/02/2020 7:15:00 AM","3.97","3.13","6.72","2.94"
"27/02/2020 7:00:00 AM","2.84","3.44","7.09","3.00"
"27/02/2020 6:45:00 AM","3.00","2.97","6.97","2.50"
"27/02/2020 6:30:00 AM","3.00","3.03","7.50","2.81"
"27/02/2020 6:15:00 AM","3.50","3.47","7.16","2.89"
"27/02/2020 6:00:00 AM","3.13","3.31","6.59","3.05"
"27/02/2020 5:45:00 AM","3.28","2.25","5.38","3.02"
"27/02/2020 5:30:00 AM","3.31","1.97","4.69","2.83"
"27/02/2020 5:15:00 AM","3.69","2.31","5.34","2.50"
"27/02/2020 5:00:00 AM","2.22","3.38","5.56","2.25"
"27/02/2020 4:45:00 AM","1.50","3.63","6.31","2.45"
"27/02/2020 4:30:00 AM","1.03","3.88","6.06","3.13"
"27/02/2020 4:15:00 AM","1.22","2.34","5.13","3.33"
"27/02/2020 4:00:00 AM","1.66","1.63","4.25","2.77"
"27/02/2020 3:45:00 AM","1.63","1.28","4.13","2.45"
"27/02/2020 3:30:00 AM","1.38","1.09","3.97","1.81"
"27/02/2020 3:15:00 AM","0.78","1.13","3.59","1.45"
"27/02/2020 3:00:00 AM","0.69","0.88","3.72","1.36"
"27/02/2020 2:45:00 AM","0.78","0.97","3.59","1.47"
"27/02/2020 2:30:00 AM","0.63","1.00","3.81","1.63"
"27/02/2020 2:15:00 AM","0.69","1.00","3.84","1.13"
"27/02/2020 2:00:00 AM","0.72","0.97","3.78","1.48"
"27/02/2020 1:45:00 AM","0.66","1.03","3.72","1.42"
"27/02/2020 1:30:00 AM","0.81","1.03","3.91","1.42"
"27/02/2020 1:15:00 AM","0.63","0.97","3.66","1.41"
"27/02/2020 1:00:00 AM","0.81","1.03","3.81","1.47"
"27/02/2020 12:45:00 AM","0.59","1.00","3.56","1.30"
"27/02/2020 12:30:00 AM","0.81","0.97","3.88","1.34"
"27/02/2020 12:15:00 AM","0.69","1.06","3.66","1.39"
"27/02/2020 12:00:00 AM","0.81","1.03","4.00","1.17"
"26/02/2020 11:45:00 PM","1.19","0.97","3.72","1.02"
"26/02/2020 11:30:00 PM","0.88","1.06","4.09","0.95"
"26/02/2020 11:15:00 PM","1.06","0.94","3.53","0.94"
"26/02/2020 11:00:00 PM","1.13","1.00","3.91","0.78"
"26/02/2020 10:45:00 PM","0.94","1.16","3.66","1.05"
"26/02/2020 10:30:00 PM","1.09","1.00","4.09","1.52"
"26/02/2020 10:15:00 PM","1.00","1.00","3.94","1.75"
"26/02/2020 10:00:00 PM","1.00","1.13","3.97","1.70"
"26/02/2020 9:45:00 PM","1.13","1.03","3.97","1.69"
"26/02/2020 9:30:00 PM","1.03","1.00","4.34","1.75"
"26/02/2020 9:15:00 PM","1.03","1.16","4.25","1.89"
"26/02/2020 9:00:00 PM","1.09","1.13","4.19","1.56"
"26/02/2020 8:45:00 PM","1.09","1.06","5.31","1.61"
"26/02/2020 8:30:00 PM","1.25","1.19","5.81","1.45"
"26/02/2020 8:15:00 PM","1.16","1.22","6.09","1.95"
"26/02/2020 8:00:00 PM","1.47","1.13","6.38","1.84"
"26/02/2020 7:45:00 PM","1.38","1.28","6.66","1.59"
"26/02/2020 7:30:00 PM","1.22","1.09","6.97","2.00"
"26/02/2020 7:15:00 PM","1.03","1.31","6.84","2.09"
"26/02/2020 7:00:00 PM","1.72","1.72","6.78","2.16"
"26/02/2020 6:45:00 PM","1.50","1.84","6.91","2.14"
"26/02/2020 6:30:00 PM","1.91","1.91","7.13","1.81"
"26/02/2020 6:15:00 PM","1.69","1.91","7.34","1.67"
"26/02/2020 6:00:00 PM","2.06","1.88","7.75","3.73"
"26/02/2020 5:45:00 PM","2.75","3.69","7.88","3.61"
"26/02/2020 5:30:00 PM","3.78","5.38","9.34","4.22"
"26/02/2020 5:15:00 PM","4.91","5.75","9.66","4.27"
"26/02/2020 5:00:00 PM","5.00","6.53","10.09","4.33"
"26/02/2020 4:45:00 PM","4.41","6.63","9.78","4.31"
"26/02/2020 4:30:00 PM","4.34","6.44","10.25","4.36"
"26/02/2020 4:15:00 PM","5.06","6.47","10.16","4.28"
"26/02/2020 4:00:00 PM","4.75","6.59","10.28","4.33"
"26/02/2020 3:45:00 PM","4.22","6.47","10.06","4.23"
"26/02/2020 3:30:00 PM","4.31","5.75","9.97","4.27"
"26/02/2020 3:15:00 PM","4.53","6.00","9.06","4.16"
"26/02/2020 3:00:00 PM","4.66","6.69","8.72","4.02"
"26/02/2020 2:45:00 PM","4.06","6.97","8.66","3.98"
"26/02/2020 2:30:00 PM","3.97","6.97","8.63","3.89"
"26/02/2020 2:15:00 PM","4.41","7.16","8.59","3.88"
"26/02/2020 2:00:00 PM","4.09","6.72","8.66","3.88"
"26/02/2020 1:45:00 PM","4.09","6.53","9.00","3.86"
"26/02/2020 1:30:00 PM","4.63","6.88","8.81","3.94"
"26/02/2020 1:15:00 PM","5.09","7.50","8.28","4.08"
"26/02/2020 1:00:00 PM","4.72","7.72","7.97","4.02"
"26/02/2020 12:45:00 PM","4.44","7.66","7.88","3.95"
"26/02/2020 12:30:00 PM","3.56","7.16","8.22","3.89"
"26/02/2020 12:15:00 PM","3.78","6.28","7.69","3.75"
"26/02/2020 12:00:00 PM","4.38","5.56","7.91","3.86"
"26/02/2020 11:45:00 AM","5.25","6.13","7.44","4.16"
"26/02/2020 11:30:00 AM","4.75","6.84","7.78","4.33"
"26/02/2020 11:15:00 AM","4.38","6.75","7.41","4.22"
"26/02/2020 11:00:00 AM","4.25","6.72","7.44","4.13"
"26/02/2020 10:45:00 AM","4.34","6.81","7.81","4.13"
"26/02/2020 10:30:00 AM","5.09","7.25","7.69","4.22"
"26/02/2020 10:15:00 AM","5.34","7.28","7.53","4.17"
"26/02/2020 10:00:00 AM","4.69","6.09","6.88","4.33"
"26/02/2020 9:45:00 AM","4.75","5.56","6.91","4.44"
"26/02/2020 9:30:00 AM","3.16","6.03","6.91","3.88"
"26/02/2020 9:15:00 AM","3.44","5.31","6.91","3.73"
"26/02/2020 9:00:00 AM","3.28","4.78","6.31","3.66"
"26/02/2020 8:45:00 AM","3.22","3.75","6.63","3.58"
"26/02/2020 8:30:00 AM","2.97","3.31","6.28","3.66"
"26/02/2020 8:15:00 AM","2.47","3.22","5.78","3.67"
"26/02/2020 8:00:00 AM","2.94","3.09","6.06","3.69"
"26/02/2020 7:45:00 AM","2.91","3.25","5.63","3.63"
"26/02/2020 7:30:00 AM","3.50","3.06","6.34","3.67"
"26/02/2020 7:15:00 AM","3.16","2.63","6.81","3.61"
"26/02/2020 7:00:00 AM","2.88","2.75","7.06","2.95"
"26/02/2020 6:45:00 AM","2.25","2.63","6.69","2.77"
"26/02/2020 6:30:00 AM","2.50","3.03","6.88","2.75"
"26/02/2020 6:15:00 AM","2.81","2.97","6.31","2.83"
"26/02/2020 6:00:00 AM","3.03","2.78","5.63","2.86"
"26/02/2020 5:45:00 AM","2.59","2.63","4.94","2.59"
"26/02/2020 5:30:00 AM","3.16","2.34","4.38","2.48"
"26/02/2020 5:15:00 AM","3.47","2.66","5.06","2.48"
"26/02/2020 5:00:00 AM","3.00","2.66","5.38","2.38"
"26/02/2020 4:45:00 AM","1.69","3.56","5.88","2.48"
"26/02/2020 4:30:00 AM","1.53","3.88","5.16","2.61"
"26/02/2020 4:15:00 AM","1.41","2.56","4.72","2.83"
"26/02/2020 4:00:00 AM","1.91","1.59","3.94","2.58"
"26/02/2020 3:45:00 AM","1.53","1.28","4.06","2.08"
"26/02/2020 3:30:00 AM","1.41","1.31","3.75","1.55"
"26/02/2020 3:15:00 AM","0.91","1.09","3.50","1.23"
"26/02/2020 3:00:00 AM","0.88","1.13","3.59","1.27"
"26/02/2020 2:45:00 AM","0.63","0.97","3.75","1.30"
"26/02/2020 2:30:00 AM","0.91","1.09","3.53","1.23"
"26/02/2020 2:15:00 AM","0.69","1.22","3.56","1.20"
"26/02/2020 2:00:00 AM","0.81","1.03","3.69","1.14"
"26/02/2020 1:45:00 AM","0.75","1.09","3.59","1.16"
"26/02/2020 1:30:00 AM","1.13","1.09","3.72","0.88"
"26/02/2020 1:15:00 AM","1.06","1.09","3.63","0.80"
"26/02/2020 1:00:00 AM","1.03","1.09","3.34","0.80"
"26/02/2020 12:45:00 AM","0.75","1.22","4.09","1.19"
"26/02/2020 12:30:00 AM","0.97","1.09","4.19","1.86"
"26/02/2020 12:15:00 AM","0.53","1.03","4.19","1.86"
"26/02/2020 12:00:00 AM","1.00","1.19","4.28","1.95"
"25/02/2020 11:45:00 PM","1.09","1.22","4.38","1.86"
"25/02/2020 11:30:00 PM","1.16","0.91","4.22","1.66"
"25/02/2020 11:15:00 PM","1.03","1.19","4.28","1.61"
"25/02/2020 11:00:00 PM","1.09","1.06","4.44","1.55"
"25/02/2020 10:45:00 PM","1.31","1.00","4.38","1.69"
"25/02/2020 10:30:00 PM","0.91","1.06","4.53","2.00"
"25/02/2020 10:15:00 PM","1.31","1.19","4.56","2.00"
"25/02/2020 10:00:00 PM","1.19","1.22","4.56","1.95"
"25/02/2020 9:45:00 PM","1.25","1.25","4.50","1.89"
"25/02/2020 9:30:00 PM","1.03","1.09","4.75","1.83"
"25/02/2020 9:15:00 PM","1.25","0.97","4.41","1.81"
"25/02/2020 9:00:00 PM","1.09","1.41","4.50","1.86"
"25/02/2020 8:45:00 PM","1.22","1.50","4.56","1.58"
"25/02/2020 8:30:00 PM","1.47","1.59","4.84","1.34"
"25/02/2020 8:15:00 PM","1.50","1.56","5.13","2.03"
"25/02/2020 8:00:00 PM","1.69","1.66","5.06","2.00"
"25/02/2020 7:45:00 PM","2.03","1.66","5.38","1.97"
"25/02/2020 7:30:00 PM","1.97","1.59","5.22","2.05"
"25/02/2020 7:15:00 PM","1.97","2.06","5.91","2.05"
"25/02/2020 7:00:00 PM","2.47","3.22","6.31","2.13"
"25/02/2020 6:45:00 PM","2.69","3.75","6.78","2.31"
"25/02/2020 6:30:00 PM","2.78","3.53","6.50","2.17"
"25/02/2020 6:15:00 PM","2.72","3.38","6.25","1.64"
"25/02/2020 6:00:00 PM","2.69","3.41","6.69","3.75"
"25/02/2020 5:45:00 PM","2.91","3.63","6.47","3.95"
"25/02/2020 5:30:00 PM","4.66","4.13","8.63","4.42"
"25/02/2020 5:15:00 PM","5.00","4.97","8.22","4.39"
"25/02/2020 5:00:00 PM","4.50","5.25","8.38","4.45"
"25/02/2020 4:45:00 PM","5.09","5.34","8.56","4.42"
"25/02/2020 4:30:00 PM","4.91","5.50","8.59","4.39"
"25/02/2020 4:15:00 PM","4.25","5.75","7.88","4.50"
"25/02/2020 4:00:00 PM","4.81","6.19","8.31","4.61"
"25/02/2020 3:45:00 PM","5.00","6.38","8.72","4.64"
"25/02/2020 3:30:00 PM","5.13","6.72","9.00","4.67"
"25/02/2020 3:15:00 PM","4.88","6.78","8.63","4.59"
"25/02/2020 3:00:00 PM","5.13","6.19","8.63","4.61"
"25/02/2020 2:45:00 PM","4.53","5.69","8.56","4.56"
"25/02/2020 2:30:00 PM","4.66","5.81","8.44","4.45"
"25/02/2020 2:15:00 PM","4.47","5.31","8.38","4.50"
"25/02/2020 2:00:00 PM","4.81","5.34","8.31","4.44"
"25/02/2020 1:45:00 PM","4.19","5.72","7.88","4.39"
"25/02/2020 1:30:00 PM","4.50","6.16","8.38","4.45"
"25/02/2020 1:15:00 PM","4.56","6.16","8.34","4.34"
"25/02/2020 1:00:00 PM","4.72","5.94","8.50","4.25"
"25/02/2020 12:45:00 PM","4.56","6.00","8.19","4.16"
"25/02/2020 12:30:00 PM","4.53","5.78","7.91","4.14"
"25/02/2020 12:15:00 PM","4.38","5.72","7.72","4.19"
"25/02/2020 12:00:00 PM","4.25","6.13","8.06","4.22"
"25/02/2020 11:45:00 AM","4.34","5.56","7.88","4.27"
"25/02/2020 11:30:00 AM","4.00","5.63","7.94","4.25"
"25/02/2020 11:15:00 AM","3.81","5.63","8.09","4.22"
"25/02/2020 11:00:00 AM","3.41","5.25","8.31","4.16"
"25/02/2020 10:45:00 AM","3.63","4.81","8.44","4.22"
"25/02/2020 10:30:00 AM","3.63","4.88","8.13","4.20"
"25/02/2020 10:15:00 AM","3.63","5.47","8.09","4.28"
"25/02/2020 10:00:00 AM","3.75","5.53","7.72","4.27"
"25/02/2020 9:45:00 AM","3.25","5.00","8.00","4.16"
"25/02/2020 9:30:00 AM","1.94","4.38","7.56","4.05"
"25/02/2020 9:15:00 AM","1.97","3.97","7.28","3.98"
"25/02/2020 9:00:00 AM","1.91","4.00","7.09","3.98"
"25/02/2020 8:45:00 AM","1.69","4.09","6.81","3.86"
"25/02/2020 8:30:00 AM","1.78","4.56","6.69","3.78"
"25/02/2020 8:15:00 AM","1.38","4.63","6.53","3.56"
"25/02/2020 8:00:00 AM","1.22","4.13","6.41","3.36"
"25/02/2020 7:45:00 AM","1.28","4.03","6.53","3.55"
"25/02/2020 7:30:00 AM","1.31","2.91","6.38","3.66"
"25/02/2020 7:15:00 AM","2.13","2.34","6.16","3.63"
"25/02/2020 7:00:00 AM","2.34","2.53","6.66","2.75"
"25/02/2020 6:45:00 AM","2.50","2.31","6.38","2.73"
"25/02/2020 6:30:00 AM","2.22","2.41","7.28","2.64"
"25/02/2020 6:15:00 AM","2.41","2.38","7.25","2.80"
"25/02/2020 6:00:00 AM","3.19","1.75","6.25","3.13"
"25/02/2020 5:45:00 AM","3.03","1.88","5.38","2.92"
"25/02/2020 5:30:00 AM","2.75","2.53","4.63","2.69"
"25/02/2020 5:15:00 AM","3.84","2.66","4.63","2.64"
"25/02/2020 5:00:00 AM","3.59","2.78","5.25","2.38"
"25/02/2020 4:45:00 AM","2.81","3.56","6.19","2.47"
"25/02/2020 4:30:00 AM","1.63","3.91","5.94","2.50"
"25/02/2020 4:15:00 AM","1.38","3.56","5.00","2.75"
"25/02/2020 4:00:00 AM","1.44","2.47","4.19","2.64"
"25/02/2020 3:45:00 AM","1.66","1.25","4.06","1.98"
"25/02/2020 3:30:00 AM","1.09","1.22","3.72","1.56"
"25/02/2020 3:15:00 AM","1.13","1.16","3.59","1.28"
"25/02/2020 3:00:00 AM","1.16","1.09","3.69","1.28"
"25/02/2020 2:45:00 AM","1.00","1.06","3.69","1.19"
"25/02/2020 2:30:00 AM","0.75","1.16","3.81","1.17"
"25/02/2020 2:15:00 AM","0.91","1.09","3.56","0.98"
"25/02/2020 2:00:00 AM","0.75","1.13","3.78","0.81"
"25/02/2020 1:45:00 AM","0.72","1.16","3.84","0.77"
"25/02/2020 1:30:00 AM","0.75","1.09","3.81","0.86"
"25/02/2020 1:15:00 AM","0.97","1.09","3.97","0.98"
"25/02/2020 1:00:00 AM","0.63","1.16","3.91","0.84"
"25/02/2020 12:45:00 AM","0.75","1.06","3.81","0.84"
"25/02/2020 12:30:00 AM","0.84","1.28","4.16","1.27"
"25/02/2020 12:15:00 AM","0.75","1.06","4.09","1.42"
"25/02/2020 12:00:00 AM","0.94","1.13","4.16","1.42"
"24/02/2020 11:45:00 PM","1.31","1.03","4.16","1.42"
"24/02/2020 11:30:00 PM","1.25","1.31","4.25","1.38"
"24/02/2020 11:15:00 PM","1.47","1.09","4.22","1.42"
"24/02/2020 11:00:00 PM","1.19","1.22","4.34","1.38"
"24/02/2020 10:45:00 PM","1.34","1.16","4.47","1.58"
"24/02/2020 10:30:00 PM","0.94","1.16","5.00","1.61"
"24/02/2020 10:15:00 PM","1.34","1.09","4.91","1.88"
"24/02/2020 10:00:00 PM","0.94","1.19","4.97","1.83"
"24/02/2020 9:45:00 PM","1.13","1.19","4.56","1.58"
"24/02/2020 9:30:00 PM","1.13","1.22","4.84","1.63"
"24/02/2020 9:15:00 PM","1.34","1.22","4.59","1.59"
"24/02/2020 9:00:00 PM","1.13","1.19","4.94","1.72"
"24/02/2020 8:45:01 PM","1.31","1.34","4.50","1.80"
"24/02/2020 8:45:00 PM","1.31","1.34","4.50","1.67"
"24/02/2020 8:30:00 PM","1.22","1.09","4.81","1.67"
"24/02/2020 8:15:00 PM","1.28","1.31","4.84","1.95"
"24/02/2020 8:00:00 PM","1.06","1.22","4.72","1.91"
"24/02/2020 7:45:00 PM","1.22","1.13","4.78","1.91"
"24/02/2020 7:30:00 PM","1.59","1.13","4.97","2.05"
"24/02/2020 7:15:00 PM","1.88","1.53","4.78","2.02"
"24/02/2020 7:00:00 PM","2.00","1.91","5.06","2.19"
"24/02/2020 6:45:00 PM","2.72","3.09","5.38","2.45"
"24/02/2020 6:30:00 PM","3.22","4.41","5.41","2.14"
"24/02/2020 6:15:00 PM","3.28","4.09","5.69","1.48"
"24/02/2020 6:00:00 PM","2.84","4.06","6.09","3.41"
"24/02/2020 5:45:00 PM","2.75","3.84","6.53","3.83"
"24/02/2020 5:30:00 PM","2.81","5.28","8.25","4.16"
"24/02/2020 5:15:00 PM","2.53","5.56","8.31","4.17"
"24/02/2020 5:00:00 PM","3.19","5.75","8.72","4.19"
"24/02/2020 4:45:00 PM","4.16","5.84","8.63","4.19"
"24/02/2020 4:30:00 PM","4.53","6.22","9.03","4.28"
"24/02/2020 4:15:00 PM","4.63","6.09","8.75","4.11"
"24/02/2020 4:00:00 PM","5.16","6.16","8.97","4.13"
"24/02/2020 3:45:00 PM","4.19","6.06","8.50","3.98"
"24/02/2020 3:30:00 PM","5.22","5.72","8.69","4.02"
"24/02/2020 3:15:00 PM","4.00","5.78","8.53","3.94"
"24/02/2020 3:00:00 PM","4.06","5.84","8.59","3.89"
"24/02/2020 2:45:00 PM","4.38","5.81","8.81","3.98"
"24/02/2020 2:30:00 PM","5.59","5.75","8.75","3.95"
"24/02/2020 2:15:00 PM","4.69","5.00","8.72","4.02"
"24/02/2020 2:00:00 PM","4.63","5.06","8.50","4.16"
"24/02/2020 1:45:00 PM","4.78","5.13","9.13","4.09"
"24/02/2020 1:30:00 PM","5.72","5.44","8.81","4.16"
"24/02/2020 1:15:00 PM","4.66","4.28","8.88","4.20"
"24/02/2020 1:00:00 PM","4.31","4.31","8.66","4.13"
"24/02/2020 12:45:00 PM","5.13","4.28","9.00","4.05"
"24/02/2020 12:30:00 PM","4.94","4.22","9.06","4.06"
"24/02/2020 12:15:00 PM","4.88","4.88","9.28","4.08"
"24/02/2020 12:00:00 PM","4.19","5.28","9.00","4.14"
"24/02/2020 11:45:00 AM","3.81","5.00","8.84","4.20"
"24/02/2020 11:30:00 AM","4.06","4.97","8.69","4.16"
"24/02/2020 11:15:00 AM","3.97","4.56","8.09","4.25"
"24/02/2020 11:00:00 AM","4.13","4.63","8.16","4.23"
"24/02/2020 10:45:00 AM","3.91","4.19","7.81","4.30"
"24/02/2020 10:30:00 AM","3.78","4.25","7.72","4.13"
"24/02/2020 10:15:00 AM","3.53","4.34","7.63","4.25"
"24/02/2020 10:00:00 AM","3.34","4.28","7.41","4.17"
"24/02/2020 9:45:00 AM","2.56","3.56","7.03","4.13"
"24/02/2020 9:30:00 AM","2.31","3.00","6.97","3.97"
"24/02/2020 9:15:00 AM","1.94","2.97","6.72","3.80"
"24/02/2020 9:00:00 AM","2.22","2.53","6.69","3.67"
"24/02/2020 8:45:00 AM","2.06","2.56","6.66","3.64"
"24/02/2020 8:30:00 AM","2.09","2.72","6.41","3.61"
"24/02/2020 8:15:01 AM","2.00","2.53","5.75","3.61"
"24/02/2020 8:15:00 AM","1.97","2.75","5.97","3.61"
"24/02/2020 8:00:00 AM","1.97","2.75","5.97","3.56"
"24/02/2020 7:45:00 AM","1.50","2.66","5.75","3.55"
"24/02/2020 7:30:00 AM","1.50","2.44","6.03","3.52"
"24/02/2020 7:15:00 AM","2.25","2.34","5.78","3.50"
"24/02/2020 7:00:00 AM","2.69","2.38","5.75","2.88"
"24/02/2020 6:45:00 AM","2.00","2.34","6.03","2.55"
"24/02/2020 6:30:00 AM","1.72","2.84","6.84","2.47"
"24/02/2020 6:15:00 AM","2.13","2.78","6.78","2.53"
"24/02/2020 6:00:00 AM","4.25","2.56","6.66","2.75"
"24/02/2020 5:45:00 AM","3.84","2.59","5.97","2.53"
"24/02/2020 5:30:00 AM","2.94","1.66","5.47","2.41"
"24/02/2020 5:15:00 AM","2.53","2.41","5.38","2.23"
"24/02/2020 5:00:00 AM","2.56","3.06","5.19","2.09"
"24/02/2020 4:45:00 AM","1.69","3.38","5.47","2.33"
"24/02/2020 4:30:00 AM","1.25","3.13","5.44","2.78"
"24/02/2020 4:15:00 AM","1.28","2.47","4.50","2.89"
"24/02/2020 4:00:00 AM","1.53","1.53","4.13","2.45"
"24/02/2020 3:45:00 AM","1.69","1.28","4.06","1.81"
"24/02/2020 3:30:00 AM","1.19","1.28","3.97","1.16"
"24/02/2020 3:15:00 AM","0.94","1.09","3.75","0.80"
"24/02/2020 3:00:00 AM","0.66","1.03","3.78","0.84"
"24/02/2020 2:45:00 AM","0.81","1.22","3.63","0.83"
"24/02/2020 2:30:00 AM","0.75","1.00","3.72","0.83"
"24/02/2020 2:15:00 AM","1.00","1.06","3.66","0.78"
"24/02/2020 2:00:00 AM","0.56","1.19","3.81","0.81"
"24/02/2020 1:45:00 AM","0.94","1.13","3.56","0.81"
"24/02/2020 1:30:00 AM","0.66","0.97","3.88","0.80"
"24/02/2020 1:15:00 AM","0.81","1.09","3.91","0.81"
"24/02/2020 1:00:00 AM","0.69","1.22","3.63","0.81"
"24/02/2020 12:45:00 AM","0.88","0.91","3.91","0.78"
"24/02/2020 12:30:00 AM","0.78","1.03","3.72","0.80"
"24/02/2020 12:15:00 AM","0.72","1.09","3.63","0.78"
"24/02/2020 12:00:00 AM","0.97","1.03","3.91","0.84"
"23/02/2020 11:45:00 PM","1.22","1.06","4.00","0.89"
"23/02/2020 11:30:00 PM","1.03","1.09","3.63","0.88"
"23/02/2020 11:15:00 PM","1.22","1.06","3.97","0.86"
"23/02/2020 11:00:00 PM","0.97","1.03","3.94","0.84"
"23/02/2020 10:45:00 PM","1.31","1.16","3.97","0.81"
"23/02/2020 10:30:00 PM","0.97","1.06","4.09","1.66"
"23/02/2020 10:15:00 PM","1.19","1.03","3.94","1.75"
"23/02/2020 10:00:00 PM","1.03","1.22","4.03","1.75"
"23/02/2020 9:45:00 PM","1.16","1.06","4.16","1.83"
"23/02/2020 9:30:00 PM","1.06","1.13","4.19","1.88"
"23/02/2020 9:15:00 PM","1.19","1.13","4.03","1.81"
"23/02/2020 9:00:00 PM","1.22","1.22","4.34","1.95"
"23/02/2020 8:45:00 PM","1.03","1.06","4.19","1.86"
"23/02/2020 8:30:00 PM","1.19","1.19","4.19","1.58"
"23/02/2020 8:15:00 PM","1.00","1.03","3.88","1.94"
"23/02/2020 8:00:00 PM","1.13","1.06","4.44","2.03"
"23/02/2020 7:45:01 PM","1.25","1.19","3.97","2.14"
"23/02/2020 7:45:00 PM","0.94","1.16","3.97","2.14"
"23/02/2020 7:30:00 PM","0.94","1.16","4.03","2.06"
"23/02/2020 7:15:00 PM","1.22","1.16","4.28","2.08"
"23/02/2020 7:00:00 PM","1.16","1.00","4.13","2.08"
"23/02/2020 6:45:00 PM","1.09","1.09","4.22","2.17"
"23/02/2020 6:30:00 PM","1.28","1.25","4.25","1.89"
"23/02/2020 6:15:00 PM","1.22","1.13","4.63","2.02"
"23/02/2020 6:00:00 PM","1.84","1.25","4.72","2.22"
"23/02/2020 5:45:00 PM","2.31","1.28","4.97","2.14"
"23/02/2020 5:30:00 PM","2.34","1.31","4.91","2.06"
"23/02/2020 5:15:00 PM","2.53","1.25","4.78","2.23"
"23/02/2020 5:00:00 PM","2.84","1.63","5.19","2.19"
"23/02/2020 4:45:00 PM","2.72","1.78","5.13","2.23"
"23/02/2020 4:30:00 PM","2.81","1.81","4.72","2.31"
"23/02/2020 4:15:00 PM","2.03","1.59","4.59","2.38"
"23/02/2020 4:00:00 PM","1.94","2.16","4.88","2.34"
"23/02/2020 3:45:00 PM","1.47","1.94","5.47","2.30"
"23/02/2020 3:30:00 PM","1.44","1.53","5.59","2.23"
"23/02/2020 3:15:00 PM","1.56","1.44","5.44","2.06"
"23/02/2020 3:00:00 PM","1.59","1.28","5.00","2.17"
"23/02/2020 2:45:00 PM","1.63","1.31","4.88","2.16"
"23/02/2020 2:30:00 PM","1.59","1.22","4.78","1.98"
"23/02/2020 2:15:00 PM","1.91","1.38","4.81","1.95"
"23/02/2020 2:00:00 PM","1.63","1.06","4.88","2.02"
"23/02/2020 1:45:00 PM","1.84","1.41","4.94","2.06"
"23/02/2020 1:30:00 PM","2.28","1.91","4.47","2.08"
"23/02/2020 1:15:00 PM","2.28","1.97","4.78","2.03"
"23/02/2020 1:00:00 PM","2.75","1.75","4.78","2.13"
"23/02/2020 12:45:00 PM","2.78","1.28","4.88","2.14"
"23/02/2020 12:30:00 PM","2.53","1.25","4.53","2.16"
"23/02/2020 12:15:00 PM","2.28","1.28","5.00","2.08"
"23/02/2020 12:00:00 PM","2.25","1.19","4.59","2.30"
"23/02/2020 11:45:00 AM","1.84","1.09","4.81","2.27"
"23/02/2020 11:30:00 AM","1.59","1.09","4.59","2.28"
"23/02/2020 11:15:00 AM","1.66","1.16","4.56","2.31"
"23/02/2020 11:00:00 AM","1.84","1.16","4.41","2.20"
"23/02/2020 10:45:00 AM","1.97","1.09","4.75","2.27"
"23/02/2020 10:30:00 AM","1.84","1.03","4.34","2.36"
"23/02/2020 10:15:00 AM","1.84","1.13","4.19","2.33"
"23/02/2020 10:00:00 AM","1.28","1.13","4.56","2.30"
"23/02/2020 9:45:00 AM","1.13","1.09","4.25","2.03"
"23/02/2020 9:30:00 AM","1.09","0.91","4.34","1.98"
"23/02/2020 9:15:00 AM","1.13","0.97","4.00","1.94"
"23/02/2020 9:00:00 AM","1.03","0.91","4.00","1.75"
"23/02/2020 8:45:00 AM","1.06","0.97","3.81","1.80"
"23/02/2020 8:30:00 AM","1.06","1.06","3.72","1.63"
"23/02/2020 8:15:00 AM","1.00","1.09","3.41","1.30"
"23/02/2020 8:00:00 AM","1.06","0.91","3.13","0.64"
"23/02/2020 7:45:00 AM","1.31","1.06","3.44","0.69"
"23/02/2020 7:30:00 AM","1.13","0.97","3.13","0.67"
"23/02/2020 7:15:00 AM","1.03","0.97","3.06","0.78"
"23/02/2020 7:00:00 AM","1.09","0.91","3.00","0.78"
"23/02/2020 6:45:00 AM","1.03","0.91","3.03","0.78"
"23/02/2020 6:30:00 AM","0.72","0.97","3.09","0.80"
"23/02/2020 6:15:00 AM","0.81","0.94","2.94","0.78"
"23/02/2020 6:00:00 AM","0.53","1.03","3.19","0.97"
"23/02/2020 5:45:00 AM","0.84","0.88","2.84","0.86"
"23/02/2020 5:30:00 AM","0.69","1.03","2.81","0.66"
"23/02/2020 5:15:00 AM","0.59","1.00","2.69","0.66"
"23/02/2020 5:00:00 AM","0.88","0.97","2.75","0.97"
"23/02/2020 4:45:00 AM","0.59","0.97","2.84","0.41"
"23/02/2020 4:30:00 AM","0.69","1.03","2.63","0.75"
"23/02/2020 4:15:00 AM","0.78","0.91","2.94","0.78"
"23/02/2020 4:00:00 AM","0.66","1.00","2.69","0.81"
"23/02/2020 3:45:00 AM","0.84","0.94","2.91","0.77"
"23/02/2020 3:30:00 AM","0.63","1.00","3.06","0.77"
"23/02/2020 3:15:00 AM","0.69","0.97","3.41","0.80"
"23/02/2020 3:00:00 AM","0.75","1.03","3.63","0.78"
"23/02/2020 2:45:00 AM","0.66","1.06","3.28","0.75"
"23/02/2020 2:30:00 AM","0.66","1.00","3.31","0.80"
"23/02/2020 2:15:00 AM","0.78","0.94","3.53","0.78"
"23/02/2020 2:00:00 AM","0.63","1.00","3.47","0.77"
"23/02/2020 1:45:00 AM","0.69","1.09","3.44","0.83"
"23/02/2020 1:30:00 AM","0.88","0.94","3.53","0.83"
"23/02/2020 1:15:00 AM","0.91","1.00","3.44","0.78"
"23/02/2020 1:00:00 AM","1.50","1.13","3.38","0.72"
"23/02/2020 12:45:00 AM","1.53","1.13","3.78","0.97"
"23/02/2020 12:30:00 AM","0.66","1.13","3.41","0.67"
"23/02/2020 12:15:00 AM","0.72","1.06","3.69","0.72"
"23/02/2020 12:00:00 AM","0.94","0.91","3.84","1.06"
"22/02/2020 11:45:00 PM","1.09","1.06","4.25","0.42"
"22/02/2020 11:30:00 PM","1.31","0.97","4.44","0.78"
"22/02/2020 11:15:00 PM","1.19","1.06","4.59","0.77"
"22/02/2020 11:00:00 PM","1.59","1.00","4.28","0.75"
"22/02/2020 10:45:00 PM","1.50","1.06","4.06","1.16"
"22/02/2020 10:30:00 PM","1.00","1.09","4.09","1.81"
"22/02/2020 10:15:00 PM","1.09","0.97","3.81","1.95"
"22/02/2020 10:00:00 PM","1.19","1.00","4.13","1.92"
"22/02/2020 9:45:00 PM","0.94","1.00","4.19","1.84"
"22/02/2020 9:30:00 PM","1.19","1.00","4.25","1.92"
"22/02/2020 9:15:00 PM","1.06","1.09","4.28","1.89"
"22/02/2020 9:00:00 PM","1.81","1.25","4.91","1.78"
"22/02/2020 8:45:00 PM","1.66","1.06","4.94","1.69"
"22/02/2020 8:30:00 PM","1.38","1.03","4.47","1.86"
"22/02/2020 8:15:00 PM","0.91","1.03","4.69","1.86"
"22/02/2020 8:00:00 PM","1.22","1.13","4.53","1.86"
"22/02/2020 7:45:00 PM","1.16","1.03","5.00","1.80"
"22/02/2020 7:30:00 PM","2.44","1.34","5.28","1.95"
"22/02/2020 7:15:00 PM","2.50","1.34","4.88","2.03"
"22/02/2020 7:00:00 PM","2.28","1.22","4.63","2.06"
"22/02/2020 6:45:00 PM","1.78","1.13","4.25","2.05"
"22/02/2020 6:30:00 PM","1.75","1.09","4.59","1.81"
"22/02/2020 6:15:00 PM","1.53","1.00","4.38","1.98"
"22/02/2020 6:00:00 PM","2.78","1.19","4.78","1.97"
"22/02/2020 5:45:00 PM","2.38","1.31","5.28","1.98"
"22/02/2020 5:30:00 PM","2.50","1.06","5.41","2.11"
"22/02/2020 5:15:00 PM","2.53","1.63","5.91","2.20"
"22/02/2020 5:00:00 PM","2.50","1.88","6.50","2.41"
"22/02/2020 4:45:00 PM","2.59","2.03","6.84","2.38"
"22/02/2020 4:30:00 PM","2.59","2.50","6.81","2.22"
"22/02/2020 4:15:00 PM","2.59","2.84","6.56","2.33"
"22/02/2020 4:00:00 PM","2.50","2.91","5.88","2.28"
"22/02/2020 3:45:00 PM","2.06","3.22","5.84","2.39"
"22/02/2020 3:30:00 PM","2.34","3.06","5.66","2.27"
"22/02/2020 3:15:00 PM","2.63","3.19","5.78","2.38"
"22/02/2020 3:00:00 PM","3.72","3.19","5.50","2.13"
"22/02/2020 2:45:00 PM","4.50","2.97","5.44","2.22"
"22/02/2020 2:30:00 PM","3.59","2.47","5.59","2.00"
"22/02/2020 2:15:00 PM","2.94","2.44","5.19","1.86"
"22/02/2020 2:00:00 PM","2.44","2.16","5.34","1.81"
"22/02/2020 1:45:00 PM","2.50","2.38","4.91","1.81"
"22/02/2020 1:30:00 PM","2.63","2.28","4.72","1.80"
"22/02/2020 1:15:00 PM","2.66","2.34","4.91","1.77"
"22/02/2020 1:00:00 PM","2.28","2.31","4.81","1.80"
"22/02/2020 12:45:00 PM","2.09","2.38","4.94","1.98"
"22/02/2020 12:30:00 PM","2.38","2.72","4.34","1.95"
"22/02/2020 12:15:00 PM","2.28","3.00","4.59","1.88"
"22/02/2020 12:00:00 PM","2.28","2.66","4.41","1.89"
"22/02/2020 11:45:00 AM","2.59","2.53","4.56","2.03"
"22/02/2020 11:30:00 AM","3.19","2.44","4.78","2.25"
"22/02/2020 11:15:00 AM","3.38","2.59","4.94","2.08"
"22/02/2020 11:00:00 AM","3.19","2.44","4.34","2.05"
"22/02/2020 10:45:00 AM","3.75","1.88","4.97","1.98"
"22/02/2020 10:30:00 AM","3.28","1.47","4.66","1.94"
"22/02/2020 10:15:00 AM","3.03","1.31","4.34","1.77"
"22/02/2020 10:00:00 AM","2.19","1.31","4.28","1.89"
"22/02/2020 9:45:00 AM","1.34","1.41","4.16","2.05"
"22/02/2020 9:30:00 AM","1.19","1.34","3.97","1.97"
"22/02/2020 9:15:00 AM","1.13","1.38","4.13","1.88"
"22/02/2020 9:00:01 AM","0.94","1.34","3.81","1.69"
"22/02/2020 9:00:00 AM","0.94","1.34","3.81","1.55"
"22/02/2020 8:45:00 AM","1.00","1.06","3.75","1.55"
"22/02/2020 8:30:00 AM","1.03","1.00","3.59","1.44"
"22/02/2020 8:15:00 AM","1.00","0.88","3.78","1.06"
"22/02/2020 8:00:00 AM","1.00","0.84","3.56","1.09"
"22/02/2020 7:45:00 AM","1.00","0.94","3.88","0.97"
"22/02/2020 7:30:00 AM","1.03","0.81","3.47","1.31"
"22/02/2020 7:15:00 AM","0.91","0.94","3.72","1.73"
"22/02/2020 7:00:00 AM","1.16","0.91","3.81","1.31"
"22/02/2020 6:45:00 AM","0.81","0.94","3.81","1.64"
"22/02/2020 6:30:00 AM","0.78","0.91","3.75","1.70"
"22/02/2020 6:15:00 AM","0.66","0.91","3.88","1.67"
"22/02/2020 6:00:00 AM","0.53","0.91","3.69","1.38"
"22/02/2020 5:45:00 AM","0.75","0.97","3.69","1.63"
"22/02/2020 5:30:00 AM","0.72","0.78","3.25","1.28"
"22/02/2020 5:15:00 AM","0.56","1.06","2.91","0.78"
"22/02/2020 5:00:00 AM","0.78","0.81","2.88","0.73"
"22/02/2020 4:45:00 AM","0.69","0.97","2.94","0.83"
"22/02/2020 4:30:00 AM","0.56","0.94","2.91","0.75"
"22/02/2020 4:15:00 AM","0.72","0.91","2.88","0.55"
"22/02/2020 4:00:00 AM","0.81","0.88","2.88","0.72"
"22/02/2020 3:45:00 AM","0.50","1.06","2.97","0.81"
"22/02/2020 3:30:00 AM","0.75","0.91","2.78","0.84"
"22/02/2020 3:15:00 AM","0.75","0.91","3.00","0.77"
"22/02/2020 3:00:00 AM","0.56","0.91","2.88","0.77"
"22/02/2020 2:45:00 AM","0.81","0.94","2.97","0.80"
"22/02/2020 2:30:00 AM","0.53","0.88","2.81","0.73"
"22/02/2020 2:15:00 AM","0.72","1.00","3.00","0.58"
"22/02/2020 2:00:00 AM","0.75","0.88","2.91","0.73"
"22/02/2020 1:45:00 AM","0.53","0.88","2.94","0.50"
"22/02/2020 1:30:00 AM","0.75","1.03","2.84","0.81"
"22/02/2020 1:15:00 AM","0.69","1.00","2.97","0.86"
"22/02/2020 1:00:00 AM","0.66","0.91","2.94","0.86"
"22/02/2020 12:45:00 AM","0.75","1.00","2.97","0.67"
"22/02/2020 12:30:00 AM","0.72","0.91","3.16","1.59"
"22/02/2020 12:15:00 AM","0.69","1.06","3.38","1.33"
"22/02/2020 12:00:00 AM","0.81","0.88","3.16","1.52"
"21/02/2020 11:45:00 PM","1.03","0.94","3.56","1.50"
"21/02/2020 11:30:00 PM","0.97","1.00","3.19","1.67"
"21/02/2020 11:15:00 PM","1.00","0.94","3.38","1.59"
"21/02/2020 11:00:00 PM","1.16","1.03","3.31","1.55"
"21/02/2020 10:45:00 PM","0.88","0.97","3.53","1.52"
"21/02/2020 10:30:00 PM","0.97","0.88","3.31","1.42"
"21/02/2020 10:15:00 PM","1.06","1.03","3.53","1.66"
"21/02/2020 10:00:00 PM","1.00","1.06","3.38","1.72"
"21/02/2020 9:45:00 PM","1.09","0.91","3.53","1.52"
"21/02/2020 9:30:00 PM","0.88","0.97","3.34","1.64"
"21/02/2020 9:15:00 PM","1.06","0.97","3.63","1.48"
"21/02/2020 9:00:00 PM","1.03","0.97","3.44","1.73"
"21/02/2020 8:45:00 PM","0.97","1.13","3.66","1.66"
"21/02/2020 8:30:00 PM","1.06","0.91","3.56","1.59"
"21/02/2020 8:15:00 PM","1.13","1.03","4.09","2.05"
"21/02/2020 8:00:00 PM","1.13","1.13","4.47","2.03"
"21/02/2020 7:45:00 PM","1.09","1.06","4.56","2.05"
"21/02/2020 7:30:00 PM","1.41","1.13","4.53","2.00"
"21/02/2020 7:15:00 PM","1.22","1.38","4.50","1.92"
"21/02/2020 7:00:00 PM","1.31","1.75","4.53","2.08"
"21/02/2020 6:45:00 PM","1.66","2.38","4.78","2.08"
"21/02/2020 6:30:00 PM","1.84","2.13","4.94","1.94"
"21/02/2020 6:15:00 PM","2.13","2.31","4.66","1.64"
"21/02/2020 6:00:00 PM","1.84","2.28","5.44","3.72"
"21/02/2020 5:45:00 PM","1.63","4.13","5.53","3.95"
"21/02/2020 5:30:00 PM","2.63","5.59","7.47","4.36"
"21/02/2020 5:15:00 PM","3.16","5.13","7.75","4.28"
"21/02/2020 5:00:00 PM","2.53","4.63","7.75","4.44"
"21/02/2020 4:45:00 PM","3.16","4.38","7.91","4.44"
"21/02/2020 4:30:00 PM","3.09","4.59","7.97","4.48"
"21/02/2020 4:15:00 PM","3.09","4.56","8.00","4.44"
"21/02/2020 4:00:00 PM","2.75","4.53","7.94","4.48"
"21/02/2020 3:45:00 PM","2.38","4.19","7.88","4.66"
"21/02/2020 3:30:00 PM","2.34","4.09","7.88","4.59"
"21/02/2020 3:15:00 PM","2.63","3.31","7.63","4.56"
"21/02/2020 3:00:00 PM","2.88","3.19","8.00","4.56"
"21/02/2020 2:45:00 PM","2.94","3.56","7.56","4.50"
"21/02/2020 2:30:00 PM","2.34","3.41","7.38","4.22"
"21/02/2020 2:15:00 PM","2.47","3.75","7.31","4.28"
"21/02/2020 2:00:00 PM","2.88","4.16","7.34","4.22"
"21/02/2020 1:45:00 PM","3.28","4.03","7.72","4.08"
"21/02/2020 1:30:00 PM","3.56","4.38","7.47","4.06"
"21/02/2020 1:15:00 PM","3.06","4.31","7.69","4.11"
"21/02/2020 1:00:00 PM","3.50","4.34","7.34","4.11"
"21/02/2020 12:45:00 PM","3.88","4.19","7.59","4.08"
"21/02/2020 12:30:00 PM","3.56","4.41","7.53","4.02"
"21/02/2020 12:15:00 PM","4.16","4.59","7.66","4.20"
"21/02/2020 12:00:00 PM","4.00","4.00","7.81","4.31"
"21/02/2020 11:45:00 AM","4.03","3.94","7.75","4.39"
"21/02/2020 11:30:00 AM","4.09","4.31","7.41","4.13"
"21/02/2020 11:15:00 AM","4.09","4.75","7.38","4.20"
"21/02/2020 11:00:00 AM","5.28","5.78","7.13","4.03"
"21/02/2020 10:45:00 AM","4.72","5.63","7.31","4.02"
"21/02/2020 10:30:00 AM","3.78","5.13","7.25","3.92"
"21/02/2020 10:15:00 AM","3.69","4.56","7.66","3.89"
"21/02/2020 10:00:00 AM","3.69","3.63","7.38","3.97"
"21/02/2020 9:45:00 AM","3.34","3.59","7.56","3.84"
"21/02/2020 9:30:00 AM","3.47","3.47","7.41","3.73"
"21/02/2020 9:15:00 AM","3.59","4.13","7.50","3.75"
"21/02/2020 9:00:00 AM","4.09","4.50","7.44","3.78"
"21/02/2020 8:45:00 AM","4.72","4.78","7.56","3.75"
"21/02/2020 8:30:00 AM","4.81","4.63","7.31","3.88"
"21/02/2020 8:15:00 AM","3.47","4.41","7.56","4.13"
"21/02/2020 8:00:01 AM","4.09","4.44","7.22","3.55"
"21/02/2020 8:00:00 AM","4.09","4.44","7.41","2.92"
"21/02/2020 7:45:00 AM","4.00","4.22","7.41","2.92"
"21/02/2020 7:30:00 AM","3.81","3.66","6.59","2.83"
"21/02/2020 7:15:00 AM","3.81","2.75","6.28","2.81"
"21/02/2020 7:00:00 AM","3.72","2.66","6.72","2.89"
"21/02/2020 6:45:00 AM","3.50","2.66","6.34","2.91"
"21/02/2020 6:30:00 AM","3.78","2.56","7.38","2.95"
"21/02/2020 6:15:00 AM","3.44","2.31","7.28","3.16"
"21/02/2020 6:00:00 AM","2.97","2.16","6.38","3.25"
"21/02/2020 5:45:00 AM","3.19","2.03","5.00","3.22"
"21/02/2020 5:30:00 AM","3.28","2.50","4.53","2.84"
"21/02/2020 5:15:00 AM","3.25","1.91","5.31","2.19"
"21/02/2020 5:00:00 AM","2.63","2.44","5.53","2.39"
"21/02/2020 4:45:00 AM","1.94","3.69","5.47","2.66"
"21/02/2020 4:30:00 AM","0.94","4.09","4.59","3.22"
"21/02/2020 4:15:00 AM","1.44","3.09","4.09","3.27"
"21/02/2020 4:00:00 AM","1.44","1.72","3.72","2.69"
"21/02/2020 3:45:00 AM","1.41","1.19","3.84","2.30"
"21/02/2020 3:30:00 AM","1.34","1.09","3.50","1.52"
"21/02/2020 3:15:00 AM","0.75","1.03","3.50","1.50"
"21/02/2020 3:00:00 AM","0.69","0.94","3.44","1.48"
"21/02/2020 2:45:00 AM","0.78","0.97","3.53","1.09"
"21/02/2020 2:30:00 AM","0.56","0.91","3.25","1.31"
"21/02/2020 2:15:00 AM","0.72","1.03","3.69","1.34"
"21/02/2020 2:00:00 AM","0.69","1.00","3.47","1.25"
"21/02/2020 1:45:00 AM","0.66","1.09","3.63","1.25"
"21/02/2020 1:30:00 AM","0.66","0.94","3.59","1.13"
"21/02/2020 1:15:00 AM","0.75","0.97","3.56","1.06"
"21/02/2020 1:00:00 AM","0.66","0.97","3.53","0.80"
"21/02/2020 12:45:00 AM","0.75","0.91","3.38","0.78"
"21/02/2020 12:30:00 AM","0.75","1.09","3.63","0.78"
"21/02/2020 12:15:00 AM","0.72","0.97","3.44","0.80"
"21/02/2020 12:00:00 AM","1.13","1.06","3.47","0.81"
"20/02/2020 11:45:00 PM","1.06","1.06","3.53","0.83"
"20/02/2020 11:30:00 PM","0.91","1.06","3.56","0.59"
"20/02/2020 11:15:00 PM","1.16","0.97","3.53","0.84"
"20/02/2020 11:00:00 PM","0.91","0.97","3.47","0.53"
"20/02/2020 10:45:00 PM","1.03","1.03","3.56","1.13"
"20/02/2020 10:30:00 PM","1.19","0.97","3.59","1.64"
"20/02/2020 10:15:00 PM","0.91","0.97","3.59","1.70"
"20/02/2020 10:00:00 PM","1.06","1.09","3.94","1.63"
"20/02/2020 9:45:00 PM","1.06","1.00","3.66","1.69"
"20/02/2020 9:30:00 PM","0.97","1.13","3.78","1.63"
"20/02/2020 9:15:00 PM","1.06","1.19","3.97","1.73"
"20/02/2020 9:00:00 PM","1.00","1.22","4.31","1.63"
"20/02/2020 8:45:00 PM","1.06","1.16","4.06","1.38"
"20/02/2020 8:30:00 PM","1.06","1.22","4.44","1.84"
"20/02/2020 8:15:00 PM","1.03","1.22","4.44","2.06"
"20/02/2020 8:00:00 PM","1.41","1.25","4.78","2.28"
"20/02/2020 7:45:00 PM","1.53","1.16","4.56","2.23"
"20/02/2020 7:30:00 PM","1.56","1.16","4.56","2.27"
"20/02/2020 7:15:00 PM","1.47","1.31","4.72","2.25"
"20/02/2020 7:00:00 PM","1.47","1.78","4.66","2.30"
"20/02/2020 6:45:00 PM","1.72","1.88","4.88","2.25"
"20/02/2020 6:30:00 PM","1.72","1.75","4.88","1.83"
"20/02/2020 6:15:00 PM","2.03","2.06","5.06","1.63"
"20/02/2020 6:00:00 PM","1.66","2.31","5.41","3.45"
"20/02/2020 5:45:00 PM","1.88","2.88","6.19","3.86"
"20/02/2020 5:30:00 PM","3.34","3.56","7.97","4.34"
"20/02/2020 5:15:00 PM","3.28","3.63","7.94","4.34"
"20/02/2020 5:00:00 PM","4.28","3.78","7.78","4.31"
"20/02/2020 4:45:00 PM","4.72","4.28","8.22","4.31"
"20/02/2020 4:30:00 PM","3.88","4.16","8.06","4.28"
"20/02/2020 4:15:00 PM","3.34","4.41","8.09","4.14"
"20/02/2020 4:00:00 PM","3.19","4.75","8.22","4.28"
"20/02/2020 3:45:00 PM","4.28","5.34","7.94","4.25"
"20/02/2020 3:30:00 PM","2.63","5.28","8.03","4.23"
"20/02/2020 3:15:00 PM","2.66","5.28","7.94","4.28"
"20/02/2020 3:00:00 PM","2.34","5.19","7.59","4.20"
"20/02/2020 2:45:00 PM","2.78","4.78","7.44","4.20"
"20/02/2020 2:30:00 PM","4.34","4.59","8.03","4.09"
"20/02/2020 2:15:00 PM","3.94","4.31","7.88","4.05"
"20/02/2020 2:00:00 PM","3.09","4.28","8.06","4.08"
"20/02/2020 1:45:00 PM","2.59","4.34","8.28","4.20"
"20/02/2020 1:30:00 PM","2.19","4.34","8.03","4.22"
"20/02/2020 1:15:00 PM","2.66","4.28","8.22","4.22"
"20/02/2020 1:00:00 PM","2.69","4.09","7.41","4.08"
"20/02/2020 12:45:00 PM","2.84","3.94","7.94","4.13"
"20/02/2020 12:30:00 PM","2.34","3.88","7.66","4.09"
"20/02/2020 12:15:00 PM","2.31","4.19","7.69","4.17"
"20/02/2020 12:00:00 PM","3.19","4.28","7.69","4.17"
"20/02/2020 11:45:00 AM","3.41","4.44","7.38","4.20"
"20/02/2020 11:30:00 AM","3.78","4.47","7.22","4.13"
"20/02/2020 11:15:00 AM","4.91","4.84","7.50","3.95"
"20/02/2020 11:00:00 AM","4.03","4.53","7.09","4.11"
"20/02/2020 10:45:00 AM","3.72","4.63","7.19","4.16"
"20/02/2020 10:30:00 AM","3.59","4.47","7.19","4.19"
"20/02/2020 10:15:00 AM","3.47","3.53","7.19","4.23"
"20/02/2020 10:00:00 AM","3.25","3.13","6.88","4.34"
"20/02/2020 9:45:00 AM","2.69","3.75","7.00","4.34"
"20/02/2020 9:30:00 AM","1.78","3.53","6.88","4.31"
"20/02/2020 9:15:00 AM","3.34","3.59","7.13","4.22"
"20/02/2020 9:00:00 AM","3.19","3.00","6.94","4.22"
"20/02/2020 8:45:00 AM","3.16","3.19","6.81","4.25"
"20/02/2020 8:30:00 AM","2.81","3.06","6.66","3.91"
"20/02/2020 8:15:00 AM","3.31","2.81","6.78","3.63"
"20/02/2020 8:00:00 AM","2.84","2.53","6.66","3.58"
"20/02/2020 7:45:00 AM","2.50","2.66","6.75","3.72"
"20/02/2020 7:30:00 AM","2.31","2.53","6.53","3.36"
"20/02/2020 7:15:00 AM","2.53","2.53","6.22","2.78"
"20/02/2020 7:00:00 AM","3.53","3.03","6.06","2.86"
"20/02/2020 6:45:00 AM","3.63","3.19","6.13","2.83"
"20/02/2020 6:30:00 AM","3.59","3.59","6.72","2.81"
"20/02/2020 6:15:00 AM","3.50","3.16","6.88","2.91"
"20/02/2020 6:00:00 AM","3.22","3.16","6.59","3.09"
"20/02/2020 5:45:00 AM","2.66","2.66","5.31","2.80"
"20/02/2020 5:30:00 AM","2.47","1.81","4.09","2.08"
"20/02/2020 5:15:00 AM","3.06","2.16","4.22","2.05"
"20/02/2020 5:00:00 AM","3.25","3.63","4.56","2.13"
"20/02/2020 4:45:00 AM","2.69","4.16","5.91","1.86"
"20/02/2020 4:30:00 AM","1.47","3.94","5.69","2.55"
"20/02/2020 4:15:00 AM","1.47","2.16","4.69","2.91"
"20/02/2020 4:00:00 AM","1.44","1.41","3.78","2.61"
"20/02/2020 3:45:00 AM","1.47","1.09","3.63","1.97"
"20/02/2020 3:30:00 AM","1.41","1.03","3.53","1.41"
"20/02/2020 3:15:00 AM","0.69","1.16","3.38","1.22"
"20/02/2020 3:00:00 AM","0.63","0.97","3.38","1.22"
"20/02/2020 2:45:00 AM","0.75","0.97","3.53","1.33"
"20/02/2020 2:30:00 AM","0.75","0.94","3.41","1.33"
"20/02/2020 2:15:00 AM","0.59","1.06","3.50","1.23"
"20/02/2020 2:00:00 AM","0.66","0.91","3.41","1.05"
"20/02/2020 1:45:00 AM","0.84","1.09","3.50","1.25"
"20/02/2020 1:30:00 AM","0.75","0.94","3.44","1.16"
"20/02/2020 1:15:00 AM","0.56","0.94","3.34","0.72"
"20/02/2020 1:00:00 AM","0.72","1.00","3.44","0.94"
"20/02/2020 12:45:00 AM","0.84","0.97","3.34","0.89"
"20/02/2020 12:30:00 AM","0.56","1.09","3.63","1.14"
"20/02/2020 12:15:00 AM","0.66","0.97","3.41","1.53"
"20/02/2020 12:00:00 AM","1.00","1.00","3.69","1.64"
"19/02/2020 11:45:00 PM","1.00","0.94","3.38","1.61"
"19/02/2020 11:30:00 PM","0.94","0.97","3.72","1.66"
"19/02/2020 11:15:00 PM","1.09","1.03","3.38","1.64"
"19/02/2020 11:00:00 PM","1.22","0.91","3.56","1.56"
"19/02/2020 10:45:00 PM","0.84","1.22","3.47","1.55"
"19/02/2020 10:30:00 PM","1.03","0.84","3.63","1.47"
"19/02/2020 10:15:00 PM","1.06","1.03","3.63","1.72"
"19/02/2020 10:00:00 PM","1.13","1.19","3.50","1.77"
"19/02/2020 9:45:00 PM","0.88","1.06","3.75","1.78"
"19/02/2020 9:30:00 PM","1.19","1.09","3.94","1.67"
"19/02/2020 9:15:00 PM","1.00","1.25","3.91","1.64"
"19/02/2020 9:00:00 PM","0.94","1.06","3.84","1.56"
"19/02/2020 8:45:00 PM","1.16","1.09","4.13","1.53"
"19/02/2020 8:30:00 PM","1.16","1.13","4.13","1.56"
"19/02/2020 8:15:00 PM","1.06","1.28","4.25","1.98"
"19/02/2020 8:00:00 PM","1.22","1.16","4.13","1.84"
"19/02/2020 7:45:00 PM","1.75","1.00","4.31","2.00"
"19/02/2020 7:30:00 PM","1.31","1.03","4.13","2.08"
"19/02/2020 7:15:00 PM","1.66","1.31","4.53","1.59"
"19/02/2020 7:00:00 PM","2.16","2.03","4.56","1.98"
"19/02/2020 6:45:00 PM","3.25","2.69","5.25","2.08"
"19/02/2020 6:30:01 PM","3.19","3.44","5.25","1.78"
"19/02/2020 6:30:00 PM","3.19","3.44","4.88","1.58"
"19/02/2020 6:15:00 PM","2.94","3.06","4.88","1.58"
"19/02/2020 6:00:00 PM","2.59","3.19","5.13","3.45"
"19/02/2020 5:45:00 PM","2.63","2.91","5.66","3.58"
"19/02/2020 5:30:00 PM","4.16","3.63","7.19","4.02"
"19/02/2020 5:15:00 PM","4.63","3.63","7.06","4.00"
"19/02/2020 5:00:00 PM","4.56","4.34","7.47","3.97"
"19/02/2020 4:45:00 PM","4.00","4.81","7.50","3.91"
"19/02/2020 4:30:00 PM","4.09","5.06","7.50","3.91"
"19/02/2020 4:15:00 PM","4.28","5.19","7.69","3.83"
"19/02/2020 4:00:00 PM","3.94","5.06","7.97","3.83"
"19/02/2020 3:45:00 PM","4.69","4.84","7.63","3.77"
"19/02/2020 3:30:00 PM","5.06","5.31","7.97","3.70"
"19/02/2020 3:15:00 PM","4.88","5.03","7.69","3.77"
"19/02/2020 3:00:00 PM","4.44","4.97","7.81","3.67"
"19/02/2020 2:45:00 PM","4.53","5.72","8.00","3.59"
"19/02/2020 2:30:00 PM","4.59","5.81","7.50","3.61"
"19/02/2020 2:15:00 PM","5.13","6.00","7.47","3.69"
"19/02/2020 2:00:00 PM","5.03","6.03","7.84","3.58"
"19/02/2020 1:45:00 PM","4.25","6.31","7.78","3.66"
"19/02/2020 1:30:00 PM","3.97","5.97","7.75","3.77"
"19/02/2020 1:15:00 PM","4.25","5.56","7.94","3.78"
"19/02/2020 1:00:00 PM","4.25","5.09","7.94","3.75"
"19/02/2020 12:45:00 PM","4.16","5.69","7.88","3.64"
"19/02/2020 12:30:00 PM","4.19","6.28","7.78","3.73"
"19/02/2020 12:15:00 PM","4.53","6.13","7.53","3.69"
"19/02/2020 12:00:00 PM","4.00","6.00","7.38","3.66"
"19/02/2020 11:45:00 AM","4.03","6.16","7.47","3.83"
"19/02/2020 11:30:00 AM","4.31","6.38","7.38","3.88"
"19/02/2020 11:15:00 AM","3.97","6.22","7.22","3.92"
"19/02/2020 11:00:00 AM","4.00","6.16","6.97","4.08"
"19/02/2020 10:45:00 AM","4.22","6.06","7.03","4.17"
"19/02/2020 10:30:00 AM","4.69","6.25","6.91","3.89"
"19/02/2020 10:15:00 AM","4.28","5.91","6.66","3.64"
"19/02/2020 10:00:00 AM","4.28","5.19","6.75","4.00"
"19/02/2020 9:45:00 AM","3.66","5.09","6.78","3.83"
"19/02/2020 9:30:00 AM","3.63","5.00","7.16","3.77"
"19/02/2020 9:15:00 AM","3.94","5.03","7.00","3.83"
"19/02/2020 9:00:00 AM","3.84","4.25","6.91","3.84"
"19/02/2020 8:45:00 AM","3.66","3.97","6.59","3.78"
"19/02/2020 8:30:00 AM","3.50","3.72","6.59","3.78"
"19/02/2020 8:15:00 AM","3.19","3.44","6.19","3.69"
"19/02/2020 8:00:00 AM","3.03","3.25","6.53","2.95"
"19/02/2020 7:45:00 AM","2.91","3.06","6.69","2.70"
"19/02/2020 7:30:00 AM","3.22","2.78","6.63","2.69"
"19/02/2020 7:15:00 AM","3.19","3.03","6.22","2.67"
"19/02/2020 7:00:00 AM","3.66","2.81","6.13","2.72"
"19/02/2020 6:45:00 AM","3.78","3.06","6.50","2.78"
"19/02/2020 6:30:00 AM","3.97","3.28","6.94","3.00"
"19/02/2020 6:15:00 AM","3.25","2.91","7.41","2.56"
"19/02/2020 6:00:01 AM","3.13","2.16","6.69","2.61"
"19/02/2020 5:45:00 AM","3.16","2.94","5.41","2.81"
"19/02/2020 5:30:00 AM","3.25","2.75","4.47","2.05"
"19/02/2020 5:15:00 AM","3.59","1.94","4.53","2.05"
"19/02/2020 5:00:00 AM","3.41","2.78","5.50","2.08"
"19/02/2020 4:45:00 AM","2.28","3.97","6.25","2.25"
"19/02/2020 4:30:00 AM","1.19","4.31","5.88","2.56"
"19/02/2020 4:15:00 AM","1.34","3.50","4.84","2.97"
"19/02/2020 4:00:00 AM","1.53","2.19","3.84","2.58"
"19/02/2020 3:45:00 AM","1.44","1.19","4.00","2.17"
"19/02/2020 3:30:00 AM","1.38","1.09","3.81","1.80"
"19/02/2020 3:15:00 AM","0.63","0.97","3.91","1.77"
"19/02/2020 3:00:00 AM","0.78","1.19","3.94","1.77"
"19/02/2020 2:45:00 AM","0.81","0.91","4.00","1.77"
"19/02/2020 2:30:00 AM","0.56","1.06","4.06","1.91"
"19/02/2020 2:15:00 AM","0.91","1.16","4.00","1.77"
"19/02/2020 2:00:00 AM","0.72","0.97","3.97","1.73"
"19/02/2020 1:45:00 AM","0.63","1.09","3.81","1.45"
"19/02/2020 1:30:00 AM","0.97","1.03","3.81","1.11"
"19/02/2020 1:15:00 AM","0.53","0.97","3.69","0.91"
"19/02/2020 1:00:00 AM","0.84","1.19","3.75","0.88"
"19/02/2020 12:45:00 AM","0.81","1.00","3.78","1.19"
"19/02/2020 12:30:00 AM","0.97","0.97","3.78","1.47"
"19/02/2020 12:15:00 AM","1.31","1.28","3.66","1.47"
"19/02/2020 12:00:00 AM","0.88","1.00","3.84","1.42"
"18/02/2020 11:45:00 PM","1.13","1.00","3.75","1.42"
"18/02/2020 11:30:00 PM","1.25","1.19","3.94","1.42"
"18/02/2020 11:15:00 PM","0.91","1.13","3.59","1.36"
"18/02/2020 11:00:00 PM","1.16","0.91","4.06","1.34"
"18/02/2020 10:45:00 PM","1.16","1.19","3.78","1.05"
"18/02/2020 10:30:00 PM","1.00","1.13","4.03","1.22"
"18/02/2020 10:15:00 PM","1.06","1.13","4.03","1.64"
"18/02/2020 10:00:00 PM","1.19","1.28","4.06","1.63"
"18/02/2020 9:45:00 PM","0.94","1.31","4.31","1.61"
"18/02/2020 9:30:00 PM","1.63","1.28","4.31","1.73"
"18/02/2020 9:15:00 PM","1.50","1.25","4.22","1.83"
"18/02/2020 9:00:00 PM","1.47","1.38","4.22","1.78"
"18/02/2020 8:45:00 PM","1.91","1.38","4.31","1.78"
"18/02/2020 8:30:00 PM","2.06","1.59","4.31","1.83"
"18/02/2020 8:15:00 PM","2.44","2.13","4.50","1.92"
"18/02/2020 8:00:00 PM","2.38","2.69","4.56","1.94"
"18/02/2020 7:45:00 PM","2.16","2.69","4.53","2.02"
"18/02/2020 7:30:00 PM","2.19","3.00","4.31","2.08"
"18/02/2020 7:15:00 PM","1.63","3.00","4.69","2.09"
"18/02/2020 7:00:00 PM","1.75","3.47","4.06","2.09"
"18/02/2020 6:45:00 PM","2.06","3.63","4.44","2.13"
"18/02/2020 6:30:00 PM","1.97","4.00","4.28","1.88"
"18/02/2020 6:15:00 PM","2.44","4.16","4.78","1.48"
"18/02/2020 6:00:00 PM","2.22","4.25","5.38","3.34"
"18/02/2020 5:45:00 PM","1.94","3.97","6.25","3.59"
"18/02/2020 5:30:01 PM","2.09","5.22","8.25","3.94"
"18/02/2020 5:30:00 PM","2.38","5.75","7.97","3.94"
"18/02/2020 5:15:00 PM","2.38","5.75","7.97","3.91"
"18/02/2020 5:00:00 PM","2.16","6.06","7.75","4.08"
"18/02/2020 4:45:00 PM","2.25","5.59","7.25","4.16"
"18/02/2020 4:30:00 PM","2.50","5.69","7.72","4.22"
"18/02/2020 4:15:00 PM","2.63","5.94","7.50","4.33"
"18/02/2020 4:00:00 PM","3.88","7.16","7.84","4.36"
"18/02/2020 3:45:00 PM","5.13","7.34","7.91","4.31"
"18/02/2020 3:30:00 PM","4.28","6.91","8.09","4.28"
"18/02/2020 3:15:00 PM","4.22","6.84","8.47","4.33"
"18/02/2020 3:00:00 PM","5.03","6.59","8.31","4.25"
"18/02/2020 2:45:00 PM","5.22","6.47","8.94","4.27"
"18/02/2020 2:30:00 PM","5.53","6.47","8.97","4.33"
"18/02/2020 2:15:00 PM","5.22","6.50","8.81","4.44"
"18/02/2020 2:00:00 PM","5.53","6.88","8.97","4.38"
"18/02/2020 1:45:00 PM","5.72","6.78","8.47","4.02"
"18/02/2020 1:30:00 PM","5.53","6.63","8.91","3.88"
"18/02/2020 1:15:00 PM","5.97","6.81","9.22","3.91"
"18/02/2020 1:00:00 PM","5.56","6.38","9.09","3.84"
"18/02/2020 12:45:00 PM","5.13","6.59","8.59","3.89"
"18/02/2020 12:30:00 PM","4.91","6.28","8.28","3.81"
"18/02/2020 12:15:00 PM","5.06","5.72","8.13","3.91"
"18/02/2020 12:00:00 PM","5.31","5.34","8.00","3.94"
"18/02/2020 11:45:00 AM","5.81","5.13","8.13","4.17"
"18/02/2020 11:30:00 AM","5.78","5.16","8.22","4.23"
"18/02/2020 11:15:00 AM","5.72","5.22","8.03","4.20"
"18/02/2020 11:00:00 AM","5.06","5.19","8.13","4.13"
"18/02/2020 10:45:00 AM","5.03","5.06","7.72","4.19"
"18/02/2020 10:30:00 AM","5.25","5.09","7.78","4.09"
"18/02/2020 10:15:00 AM","5.09","4.97","7.38","3.91"
"18/02/2020 10:00:00 AM","5.03","5.03","7.16","3.94"
"18/02/2020 9:45:00 AM","3.47","5.09","7.38","3.78"
"18/02/2020 9:30:00 AM","4.47","5.09","7.13","3.83"
"18/02/2020 9:15:00 AM","3.38","4.34","7.09","3.73"
"18/02/2020 9:00:00 AM","3.97","4.19","6.81","3.75"
"18/02/2020 8:45:00 AM","3.88","3.81","7.19","3.69"
"18/02/2020 8:30:00 AM","2.69","3.69","6.91","3.70"
"18/02/2020 8:15:00 AM","2.78","4.13","6.75","3.83"
"18/02/2020 8:00:00 AM","1.81","3.84","6.47","3.61"
"18/02/2020 7:45:00 AM","1.41","3.59","7.06","3.42"
"18/02/2020 7:30:00 AM","2.53","3.47","6.72","3.45"
"18/02/2020 7:15:00 AM","3.13","2.91","6.50","2.50"
"18/02/2020 7:00:00 AM","3.00","2.47","6.56","2.45"
"18/02/2020 6:45:00 AM","3.53","2.75","6.69","2.53"
"18/02/2020 6:30:00 AM","3.28","2.78","7.25","2.50"
"18/02/2020 6:15:00 AM","3.00","2.78","7.47","2.66"
"18/02/2020 6:00:00 AM","3.56","2.59","6.84","2.88"
"18/02/2020 5:45:00 AM","3.31","2.56","5.38","2.52"
"18/02/2020 5:30:00 AM","2.53","1.88","4.56","2.31"
"18/02/2020 5:15:00 AM","2.84","2.03","4.84","2.27"
"18/02/2020 5:00:01 AM","3.44","2.94","6.13","2.16"
"18/02/2020 5:00:00 AM","3.13","4.16","6.59","2.16"
"18/02/2020 4:45:00 AM","3.13","4.16","6.59","2.02"
"18/02/2020 4:30:00 AM","1.69","3.31","5.50","2.27"
"18/02/2020 4:15:00 AM","1.19","2.47","4.88","2.84"
"18/02/2020 4:00:00 AM","1.78","1.94","4.25","2.66"
"18/02/2020 3:45:00 AM","1.41","1.28","3.97","1.73"
"18/02/2020 3:30:00 AM","1.28","1.22","4.06","0.92"
"18/02/2020 3:15:00 AM","0.78","1.16","3.78","0.80"
"18/02/2020 3:00:00 AM","1.03","1.13","3.66","0.83"
"18/02/2020 2:45:00 AM","0.66","1.06","3.81","0.80"
"18/02/2020 2:30:00 AM","0.84","1.06","3.81","0.80"
"18/02/2020 2:15:00 AM","0.81","1.22","3.84","0.84"
"18/02/2020 2:00:00 AM","0.75","1.03","3.91","0.86"
"18/02/2020 1:45:00 AM","0.72","1.06","3.91","0.86"
"18/02/2020 1:30:00 AM","0.91","1.19","3.81","0.78"
"18/02/2020 1:15:00 AM","0.69","1.16","3.84","0.83"
"18/02/2020 1:00:00 AM","0.81","1.03","3.78","0.80"
"18/02/2020 12:45:00 AM","0.78","1.22","3.72","0.81"
"18/02/2020 12:30:00 AM","0.84","1.09","3.78","1.41"
"18/02/2020 12:15:00 AM","0.72","1.09","3.84","1.61"
"18/02/2020 12:00:00 AM","1.00","1.25","3.72","1.70"
"17/02/2020 11:45:00 PM","1.13","0.97","4.25","1.56"
"17/02/2020 11:30:00 PM","1.25","1.25","3.94","1.47"
"17/02/2020 11:15:00 PM","1.59","1.25","3.88","1.55"
"17/02/2020 11:00:00 PM","1.16","1.03","4.25","1.44"
"17/02/2020 10:45:00 PM","1.16","1.19","4.00","1.45"
"17/02/2020 10:30:00 PM","1.28","1.19","4.31","1.55"
"17/02/2020 10:15:00 PM","1.00","1.13","4.97","1.80"
"17/02/2020 10:00:00 PM","1.19","1.19","4.59","1.75"
"17/02/2020 9:45:00 PM","1.13","1.06","4.38","1.67"
"17/02/2020 9:30:00 PM","1.31","1.22","4.16","1.69"
"17/02/2020 9:15:00 PM","0.97","1.19","4.31","1.77"
"17/02/2020 9:00:00 PM","1.09","1.00","4.34","1.80"
"17/02/2020 8:45:00 PM","1.22","1.19","4.72","1.78"
"17/02/2020 8:30:00 PM","1.09","1.25","4.53","1.73"
"17/02/2020 8:15:00 PM","1.44","1.19","4.78","2.14"
"17/02/2020 8:00:00 PM","1.56","1.00","4.75","2.33"
"17/02/2020 7:45:00 PM","2.00","1.22","5.09","2.41"
"17/02/2020 7:30:00 PM","2.25","1.34","5.50","2.50"
"17/02/2020 7:15:00 PM","2.16","2.00","5.88","2.69"
"17/02/2020 7:00:00 PM","2.66","2.25","6.34","2.91"
"17/02/2020 6:45:00 PM","2.44","3.38","6.63","2.92"
"17/02/2020 6:30:00 PM","2.56","4.00","5.78","2.55"
"17/02/2020 6:15:00 PM","2.50","3.94","5.28","1.67"
"17/02/2020 6:00:00 PM","2.03","3.91","6.00","3.80"
"17/02/2020 5:45:00 PM","3.16","4.28","7.47","4.00"
"17/02/2020 5:30:00 PM","4.81","5.94","9.28","4.36"
"17/02/2020 5:15:00 PM","5.56","6.13","9.31","4.36"
"17/02/2020 5:00:00 PM","5.34","6.06","9.47","4.39"
"17/02/2020 4:45:00 PM","5.06","5.81","9.31","4.61"
"17/02/2020 4:30:01 PM","4.94","5.28","9.59","4.56"
"17/02/2020 4:30:00 PM","4.91","4.88","9.59","4.56"
"17/02/2020 4:15:00 PM","4.91","4.88","9.28","4.67"
"17/02/2020 4:00:00 PM","5.44","4.94","9.66","4.59"
"17/02/2020 3:45:00 PM","5.22","5.09","9.69","4.63"
"17/02/2020 3:30:00 PM","5.25","5.19","9.56","4.55"
"17/02/2020 3:15:00 PM","5.16","5.19","9.31","4.56"
"17/02/2020 3:00:00 PM","5.13","5.50","9.31","4.44"
"17/02/2020 2:45:00 PM","5.19","5.88","8.72","4.42"
"17/02/2020 2:30:00 PM","5.22","5.88","8.84","4.48"
"17/02/2020 2:15:00 PM","4.81","6.34","8.69","4.45"
"17/02/2020 2:00:00 PM","4.44","6.53","8.69","4.58"
"17/02/2020 1:45:00 PM","4.78","6.53","8.44","4.61"
"17/02/2020 1:30:00 PM","5.19","5.94","8.41","4.53"
"17/02/2020 1:15:00 PM","5.03","5.94","8.00","4.52"
"17/02/2020 1:00:00 PM","4.94","6.00","7.59","4.44"
"17/02/2020 12:45:00 PM","4.44","6.09","7.97","4.38"
"17/02/2020 12:30:00 PM","4.41","5.69","7.69","4.27"
"17/02/2020 12:15:00 PM","4.59","5.97","7.94","4.31"
"17/02/2020 12:00:00 PM","4.63","5.72","7.66","4.30"
"17/02/2020 11:45:00 AM","4.38","5.50","7.75","4.50"
"17/02/2020 11:30:00 AM","4.22","5.41","7.72","4.56"
"17/02/2020 11:15:00 AM","4.06","5.22","7.84","4.69"
"17/02/2020 11:00:00 AM","3.63","5.03","7.94","4.69"
"17/02/2020 10:45:00 AM","3.66","5.00","7.59","4.63"
"17/02/2020 10:30:00 AM","3.69","5.00","7.38","4.48"
"17/02/2020 10:15:00 AM","3.66","4.91","7.28","4.48"
"17/02/2020 10:00:00 AM","3.66","5.06","7.00","4.39"
"17/02/2020 9:45:00 AM","3.41","4.97","6.81","4.41"
"17/02/2020 9:30:00 AM","3.28","4.47","7.03","4.39"
"17/02/2020 9:15:00 AM","1.97","4.31","6.78","4.22"
"17/02/2020 9:00:00 AM","2.34","4.09","6.34","4.22"
"17/02/2020 8:45:00 AM","2.25","3.06","6.50","4.03"
"17/02/2020 8:30:00 AM","2.56","2.63","6.06","3.91"
"17/02/2020 8:15:00 AM","2.38","2.47","6.28","3.92"
"17/02/2020 8:00:00 AM","2.44","2.38","6.47","3.81"
"17/02/2020 7:45:00 AM","2.56","2.47","6.44","3.88"
"17/02/2020 7:30:00 AM","1.78","2.72","6.81","3.88"
"17/02/2020 7:15:00 AM","1.47","2.78","6.22","3.44"
"17/02/2020 7:00:00 AM","2.97","2.84","6.22","2.94"
"17/02/2020 6:45:00 AM","3.66","2.88","5.78","2.97"
"17/02/2020 6:30:00 AM","3.72","2.97","6.78","3.02"
"17/02/2020 6:15:00 AM","3.16","2.66","6.78","3.03"
"17/02/2020 6:00:00 AM","3.06","2.38","6.34","2.92"
"17/02/2020 5:45:00 AM","2.81","1.72","5.22","2.75"
"17/02/2020 5:30:00 AM","2.91","1.56","4.69","2.61"
"17/02/2020 5:15:00 AM","2.75","1.84","4.47","2.61"
"17/02/2020 5:00:00 AM","3.31","3.06","4.63","2.77"
"17/02/2020 4:45:00 AM","3.94","3.94","6.06","2.67"
"17/02/2020 4:30:00 AM","2.38","5.69","6.03","2.66"
"17/02/2020 4:15:00 AM","1.47","4.75","4.84","3.33"
"17/02/2020 4:00:00 AM","1.56","2.09","4.03","2.63"
"17/02/2020 3:45:00 AM","1.44","1.28","3.84","1.78"
"17/02/2020 3:30:00 AM","1.34","1.16","3.75","1.14"
"17/02/2020 3:15:00 AM","1.06","1.22","3.78","1.27"
"17/02/2020 3:00:00 AM","0.63","0.91","3.63","1.22"
"17/02/2020 2:45:00 AM","0.88","1.03","3.78","0.89"
"17/02/2020 2:30:00 AM","0.72","1.09","3.66","1.34"
"17/02/2020 2:15:00 AM","0.78","0.88","3.56","1.75"
"17/02/2020 2:00:00 AM","0.78","1.00","4.00","1.72"
"17/02/2020 1:45:00 AM","0.72","1.13","3.81","1.73"
"17/02/2020 1:30:00 AM","0.78","0.94","3.88","1.72"
"17/02/2020 1:15:00 AM","1.00","1.09","3.94","1.70"
"17/02/2020 1:00:00 AM","1.13","1.06","3.88","1.64"
"17/02/2020 12:45:00 AM","0.97","1.06","3.69","1.45"
"17/02/2020 12:30:00 AM","0.84","1.03","3.75","1.20"
"17/02/2020 12:15:00 AM","0.81","1.19","3.75","1.48"
"17/02/2020 12:00:00 AM","0.84","0.97","3.69","1.78"
"16/02/2020 11:45:00 PM","1.28","1.00","3.63","1.89"
"16/02/2020 11:30:00 PM","1.13","1.25","3.97","1.83"
"16/02/2020 11:15:00 PM","0.97","0.94","3.75","1.73"
"16/02/2020 11:00:00 PM","1.13","1.06","3.66","1.70"
"16/02/2020 10:45:00 PM","1.16","1.06","3.81","1.63"
"16/02/2020 10:30:00 PM","1.00","1.16","3.72","1.56"
"16/02/2020 10:15:00 PM","1.16","0.94","3.66","1.05"
"16/02/2020 10:00:00 PM","1.16","1.09","3.44","0.83"
"16/02/2020 9:45:00 PM","0.94","1.09","3.59","1.16"
"16/02/2020 9:30:00 PM","1.25","1.06","3.44","1.78"
"16/02/2020 9:15:00 PM","1.00","1.19","3.66","1.78"
"16/02/2020 9:00:00 PM","1.13","1.00","3.44","1.77"
"16/02/2020 8:45:00 PM","1.09","1.19","4.28","1.77"
"16/02/2020 8:30:00 PM","1.13","1.00","4.34","1.83"
"16/02/2020 8:15:00 PM","1.31","1.03","4.34","1.67"
"16/02/2020 8:00:00 PM","1.31","1.28","4.31","1.69"
"16/02/2020 7:45:00 PM","1.59","1.00","4.47","1.63"
"16/02/2020 7:30:00 PM","1.25","1.28","4.75","1.81"
"16/02/2020 7:15:00 PM","2.03","1.25","4.75","1.98"
"16/02/2020 7:00:00 PM","2.88","1.44","4.53","2.00"
"16/02/2020 6:45:00 PM","2.75","1.84","4.63","1.94"
"16/02/2020 6:30:00 PM","2.25","1.75","4.44","2.08"
"16/02/2020 6:15:00 PM","2.38","2.34","4.59","2.05"
"16/02/2020 6:00:00 PM","2.53","1.97","4.81","2.17"
"16/02/2020 5:45:00 PM","2.63","1.97","4.94","2.22"
"16/02/2020 5:30:00 PM","2.91","2.22","5.16","2.02"
"16/02/2020 5:15:00 PM","2.97","2.09","4.91","2.27"
"16/02/2020 5:00:00 PM","2.97","2.16","5.16","1.98"
"16/02/2020 4:45:00 PM","2.69","2.41","4.94","2.06"
"16/02/2020 4:30:00 PM","1.91","2.19","5.25","2.27"
"16/02/2020 4:15:00 PM","1.06","1.16","5.31","2.45"
"16/02/2020 4:00:00 PM","1.09","1.13","5.50","2.31"
"16/02/2020 3:45:00 PM","1.34","1.16","5.28","2.16"
"16/02/2020 3:30:00 PM","1.31","1.16","4.72","1.92"
"16/02/2020 3:15:00 PM","1.31","1.16","4.56","2.20"
"16/02/2020 3:00:00 PM","1.53","1.28","4.69","2.25"
"16/02/2020 2:45:00 PM","1.31","1.00","4.84","2.23"
"16/02/2020 2:30:00 PM","0.97","1.41","4.81","2.30"
"16/02/2020 2:15:00 PM","1.13","1.28","4.53","2.06"
"16/02/2020 2:00:00 PM","1.22","1.06","4.78","2.41"
"16/02/2020 1:45:00 PM","1.06","1.16","5.06","1.98"
"16/02/2020 1:30:00 PM","1.16","1.16","5.03","2.41"
"16/02/2020 1:15:00 PM","1.16","1.25","5.03","2.50"
"16/02/2020 1:00:00 PM","1.09","1.06","4.97","2.53"
"16/02/2020 12:45:00 PM","1.16","1.28","4.78","2.44"
"16/02/2020 12:30:00 PM","1.13","0.94","5.13","2.38"
"16/02/2020 12:15:00 PM","1.34","1.41","4.69","2.33"
"16/02/2020 12:00:00 PM","1.16","1.34","4.56","2.27"
"16/02/2020 11:45:00 AM","1.31","1.41","4.34","2.14"
"16/02/2020 11:30:00 AM","1.13","0.97","4.72","2.16"
"16/02/2020 11:15:00 AM","1.34","1.38","4.56","2.17"
"16/02/2020 11:00:00 AM","0.91","1.13","4.47","2.28"
"16/02/2020 10:45:00 AM","1.53","1.34","4.44","2.33"
"16/02/2020 10:30:00 AM","1.53","1.03","4.72","2.44"
"16/02/2020 10:15:00 AM","1.81","1.19","4.22","2.44"
"16/02/2020 10:00:00 AM","1.84","1.06","4.09","2.38"
"16/02/2020 9:45:00 AM","1.28","1.50","4.13","1.97"
"16/02/2020 9:30:00 AM","0.97","1.19","3.97","1.86"
"16/02/2020 9:15:00 AM","1.09","1.44","4.03","2.00"
"16/02/2020 9:00:00 AM","1.16","1.13","3.78","1.92"
"16/02/2020 8:45:00 AM","1.06","1.22","3.84","1.73"
"16/02/2020 8:30:00 AM","1.13","0.97","3.94","1.67"
"16/02/2020 8:15:00 AM","1.09","1.19","3.72","1.67"
"16/02/2020 8:00:00 AM","1.25","1.22","3.59","1.63"
"16/02/2020 7:45:00 AM","0.84","1.06","3.94","1.53"
"16/02/2020 7:30:00 AM","1.28","1.25","4.09","1.48"
"16/02/2020 7:15:00 AM","1.19","0.97","3.56","0.92"
"16/02/2020 7:00:00 AM","1.03","1.13","3.31","0.81"
"16/02/2020 6:45:00 AM","1.16","1.13","3.44","0.91"
"16/02/2020 6:30:00 AM","0.94","1.03","3.47","0.78"
"16/02/2020 6:15:00 AM","0.56","1.19","3.47","0.80"
"16/02/2020 6:00:00 AM","0.94","0.91","3.19","0.83"
"16/02/2020 5:45:00 AM","0.75","1.19","3.22","0.81"
"16/02/2020 5:30:00 AM","0.66","0.84","3.28","0.81"
"16/02/2020 5:15:00 AM","0.97","1.19","3.19","0.84"
"16/02/2020 5:00:00 AM","0.69","0.97","2.97","0.81"
"16/02/2020 4:45:00 AM","0.69","1.00","3.06","0.81"
"16/02/2020 4:30:00 AM","0.75","1.19","3.09","0.83"
"16/02/2020 4:15:00 AM","0.91","0.88","3.25","0.86"
"16/02/2020 4:00:00 AM","0.66","1.22","3.03","0.81"
"16/02/2020 3:45:00 AM","0.75","0.97","3.03","1.00"
"16/02/2020 3:30:00 AM","0.97","1.16","3.31","0.97"
"16/02/2020 3:15:00 AM","0.66","1.06","3.47","0.94"
"16/02/2020 3:00:00 AM","0.78","1.00","3.59","0.98"
"16/02/2020 2:45:00 AM","0.81","1.25","3.66","0.89"
"16/02/2020 2:30:00 AM","0.69","0.97","3.38","1.05"
"16/02/2020 2:15:00 AM","0.94","1.22","3.41","0.94"
"16/02/2020 2:00:00 AM","0.53","0.97","3.44","0.97"
"16/02/2020 1:45:00 AM","0.81","1.19","3.25","0.92"
"16/02/2020 1:30:00 AM","0.94","1.03","3.50","0.92"
"16/02/2020 1:15:00 AM","0.56","1.00","3.28","0.89"
"16/02/2020 1:00:00 AM","1.00","1.31","3.28","0.84"
"16/02/2020 12:45:00 AM","0.72","0.97","3.09","0.88"
"16/02/2020 12:30:00 AM","0.63","1.16","3.13","0.84"
"16/02/2020 12:15:00 AM","0.97","1.00","3.06","0.78"
"16/02/2020 12:00:00 AM","0.81","1.16","3.38","0.81"
"15/02/2020 11:45:00 PM","1.09","1.06","3.22","0.80"
"15/02/2020 11:30:00 PM","1.28","1.00","3.22","1.06"
"15/02/2020 11:15:00 PM","1.06","1.16","3.22","1.64"
"15/02/2020 11:00:00 PM","1.03","1.03","3.44","1.70"
"15/02/2020 10:45:00 PM","1.28","1.25","3.78","1.89"
"15/02/2020 10:30:00 PM","0.94","0.97","3.94","1.75"
"15/02/2020 10:15:00 PM","1.25","1.22","3.97","1.75"
"15/02/2020 10:00:00 PM","0.94","0.88","4.22","1.66"
"15/02/2020 9:45:00 PM","1.25","1.22","3.97","1.56"
"15/02/2020 9:30:00 PM","1.00","0.94","4.09","1.44"
"15/02/2020 9:15:00 PM","1.19","1.09","3.91","1.33"
"15/02/2020 9:00:00 PM","1.16","1.09","3.91","1.97"
"15/02/2020 8:45:00 PM","1.41","1.03","3.97","1.94"
"15/02/2020 8:30:00 PM","1.00","1.31","3.78","1.91"
"15/02/2020 8:15:00 PM","1.03","1.06","3.50","1.91"
"15/02/2020 8:00:00 PM","1.31","1.16","3.78","1.78"
"15/02/2020 7:45:00 PM","1.13","1.19","3.81","1.67"
"15/02/2020 7:30:00 PM","1.00","1.00","3.72","1.56"
"15/02/2020 7:15:00 PM","1.34","1.13","3.63","1.53"
"15/02/2020 7:00:00 PM","1.00","1.19","3.59","1.83"
"15/02/2020 6:45:00 PM","1.16","0.97","3.38","1.69"
"15/02/2020 6:30:00 PM","1.25","1.13","3.69","1.98"
"15/02/2020 6:15:00 PM","1.00","1.19","3.72","1.98"
"15/02/2020 6:00:00 PM","1.47","1.00","3.97","1.94"
"15/02/2020 5:45:00 PM","1.44","1.22","3.75","1.88"
"15/02/2020 5:30:00 PM","1.59","1.19","3.91","1.80"
"15/02/2020 5:15:00 PM","1.88","1.19","4.00","1.75"
"15/02/2020 5:00:00 PM","1.97","1.47","4.13","2.14"
"15/02/2020 4:45:00 PM","2.78","1.53","4.44","2.45"
"15/02/2020 4:30:00 PM","2.75","1.59","4.97","2.72"
"15/02/2020 4:15:00 PM","2.41","1.59","4.78","2.59"
"15/02/2020 4:00:00 PM","2.44","1.75","4.75","2.70"
"15/02/2020 3:45:00 PM","2.06","2.09","4.72","2.67"
"15/02/2020 3:30:00 PM","2.22","2.00","5.00","2.59"
"15/02/2020 3:15:00 PM","2.47","1.78","4.63","2.69"
"15/02/2020 3:00:00 PM","2.00","1.91","4.63","2.45"
"15/02/2020 2:45:00 PM","2.13","2.06","4.78","2.61"
"15/02/2020 2:30:00 PM","1.72","1.78","4.69","2.64"
"15/02/2020 2:15:00 PM","1.91","1.72","4.94","2.61"
"15/02/2020 2:00:00 PM","2.31","1.38","4.84","2.52"
"15/02/2020 1:45:00 PM","2.25","1.69","4.69","2.47"
"15/02/2020 1:30:00 PM","2.44","1.56","4.97","2.36"
"15/02/2020 1:15:00 PM","2.22","1.72","4.88","2.52"
"15/02/2020 1:00:00 PM","1.81","1.56","4.88","2.47"
"15/02/2020 12:45:00 PM","1.84","1.56","4.66","2.50"
"15/02/2020 12:30:00 PM","1.09","1.41","4.69","2.63"
"15/02/2020 12:15:00 PM","1.28","1.59","4.59","2.44"
"15/02/2020 12:00:00 PM","1.25","1.31","5.00","2.47"
"15/02/2020 11:45:00 AM","1.28","1.63","5.13","2.48"
"15/02/2020 11:30:00 AM","1.25","1.47","5.03","2.64"
"15/02/2020 11:15:00 AM","1.66","1.34","5.00","2.50"
"15/02/2020 11:00:00 AM","1.31","1.63","4.72","2.20"
"15/02/2020 10:45:00 AM","1.78","1.38","5.03","2.20"
"15/02/2020 10:30:00 AM","2.13","1.50","5.16","2.45"
"15/02/2020 10:15:00 AM","1.94","1.38","5.06","2.50"
"15/02/2020 10:00:00 AM","1.75","1.78","4.91","2.19"
"15/02/2020 9:45:00 AM","1.25","1.84","5.19","2.27"
"15/02/2020 9:30:00 AM","1.34","1.94","4.84","2.25"
"15/02/2020 9:15:00 AM","1.13","1.69","4.88","2.50"
"15/02/2020 9:00:00 AM","1.75","1.78","4.75","2.53"
"15/02/2020 8:45:00 AM","1.63","1.63","4.81","1.95"
"15/02/2020 8:30:00 AM","1.50","1.38","5.09","1.05"
"15/02/2020 8:15:00 AM","1.28","1.63","4.03","1.14"
"15/02/2020 8:00:00 AM","1.25","1.44","3.75","0.86"
"15/02/2020 7:45:00 AM","1.09","1.16","3.91","0.86"
"15/02/2020 7:30:00 AM","1.34","1.09","4.31","0.81"
"15/02/2020 7:15:00 AM","1.03","1.28","5.63","0.97"
"15/02/2020 7:00:00 AM","1.13","1.09","5.78","0.88"
"15/02/2020 6:45:00 AM","1.13","1.09","5.16","0.83"
"15/02/2020 6:30:00 AM","0.84","1.22","4.44","0.81"
"15/02/2020 6:15:00 AM","0.91","1.13","4.00","0.89"
"15/02/2020 6:00:00 AM","0.81","1.13","4.03","0.95"
"15/02/2020 5:45:00 AM","0.88","1.31","4.06","1.02"
"15/02/2020 5:30:00 AM","0.75","1.06","4.06","0.94"
"15/02/2020 5:15:00 AM","0.88","1.16","3.91","0.88"
"15/02/2020 5:00:00 AM","0.97","1.16","3.97","0.88"
"15/02/2020 4:45:01 AM","0.69","1.09","3.81","0.95"
"15/02/2020 4:45:00 AM","0.69","1.09","3.81","1.02"
"15/02/2020 4:30:00 AM","0.88","1.22","3.81","1.02"
"15/02/2020 4:15:00 AM","0.75","1.09","3.84","1.00"
"15/02/2020 4:00:00 AM","0.88","1.13","4.06","0.95"
"15/02/2020 3:45:00 AM","0.91","1.13","3.78","0.80"
"15/02/2020 3:30:00 AM","0.75","1.25","3.63","0.86"
"15/02/2020 3:15:00 AM","0.88","1.16","3.78","1.02"
"15/02/2020 3:00:00 AM","0.88","1.19","3.94","0.86"
"15/02/2020 2:45:00 AM","0.78","1.09","4.00","0.84"
"15/02/2020 2:30:00 AM","0.81","1.16","3.59","0.86"
"15/02/2020 2:15:00 AM","0.91","1.22","3.72","0.95"
"15/02/2020 2:00:00 AM","0.81","1.09","3.69","0.94"
"15/02/2020 1:45:00 AM","0.81","1.16","3.78","1.03"
"15/02/2020 1:30:00 AM","0.88","1.22","3.63","0.89"
"15/02/2020 1:15:00 AM","0.97","1.19","4.03","0.83"
"15/02/2020 1:00:00 AM","0.78","1.16","3.66","0.84"
"15/02/2020 12:45:00 AM","0.94","1.22","3.53","0.91"
"15/02/2020 12:30:00 AM","0.78","1.19","3.47","1.66"
"15/02/2020 12:15:00 AM","0.91","1.22","3.63","1.80"
"15/02/2020 12:00:00 AM","0.91","1.25","3.34","1.91"
"14/02/2020 11:45:00 PM","1.31","1.09","3.75","1.89"
"14/02/2020 11:30:00 PM","1.19","1.25","3.78","1.83"
"14/02/2020 11:15:00 PM","1.09","1.16","3.63","1.73"
"14/02/2020 11:00:00 PM","1.13","1.16","3.59","1.72"
"14/02/2020 10:45:00 PM","1.38","1.25","3.59","1.80"
"14/02/2020 10:30:00 PM","1.09","1.16","4.19","1.64"
"14/02/2020 10:15:00 PM","1.34","1.16","4.47","2.23"
"14/02/2020 10:00:00 PM","1.13","1.19","4.47","2.25"
"14/02/2020 9:45:00 PM","1.16","1.28","4.47","2.27"
"14/02/2020 9:30:00 PM","1.25","1.16","4.53","2.25"
"14/02/2020 9:15:00 PM","1.19","1.28","4.41","2.27"
"14/02/2020 9:00:00 PM","1.19","1.34","4.75","2.16"
"14/02/2020 8:45:00 PM","1.19","1.28","4.56","2.08"
"14/02/2020 8:30:00 PM","1.38","1.25","4.63","2.00"
"14/02/2020 8:15:00 PM","1.06","1.16","4.91","2.41"
"14/02/2020 8:00:00 PM","1.47","1.28","5.59","2.44"
"14/02/2020 7:45:00 PM","1.63","1.34","5.31","2.17"
"14/02/2020 7:30:00 PM","1.84","1.25","4.94","2.23"
"14/02/2020 7:15:00 PM","1.66","1.09","4.75","2.23"
"14/02/2020 7:00:00 PM","1.78","1.91","5.31","2.39"
"14/02/2020 6:45:00 PM","2.47","2.34","5.31","2.44"
"14/02/2020 6:30:00 PM","2.63","2.34","5.25","2.23"
"14/02/2020 6:15:00 PM","2.78","2.69","4.59","1.58"
"14/02/2020 6:00:00 PM","2.72","2.50","5.38","3.16"
"14/02/2020 5:45:00 PM","2.59","3.66","6.00","3.70"
"14/02/2020 5:30:00 PM","3.50","5.03","7.75","4.19"
"14/02/2020 5:15:00 PM","3.91","6.19","7.78","4.03"
"14/02/2020 5:00:00 PM","4.44","6.50","8.28","4.03"
"14/02/2020 4:45:00 PM","4.97","6.59","8.00","4.11"
"14/02/2020 4:30:00 PM","4.63","6.63","8.19","4.14"
"14/02/2020 4:15:00 PM","4.56","6.81","8.13","4.17"
"14/02/2020 4:00:00 PM","5.03","6.91","8.09","4.19"
"14/02/2020 3:45:00 PM","5.69","6.50","7.91","4.09"
"14/02/2020 3:30:00 PM","5.88","6.53","8.22","4.13"
"14/02/2020 3:15:00 PM","5.88","6.75","9.34","4.50"
"14/02/2020 3:00:00 PM","5.69","6.59","10.22","4.44"
"14/02/2020 2:45:00 PM","6.06","6.47","9.22","4.55"
"14/02/2020 2:30:00 PM","6.03","6.50","8.47","4.30"
"14/02/2020 2:15:00 PM","6.19","6.53","8.72","4.31"
"14/02/2020 2:00:00 PM","5.75","6.69","9.78","4.39"
"14/02/2020 1:45:00 PM","5.72","7.13","10.78","4.34"
"14/02/2020 1:30:00 PM","6.25","7.41","11.03","4.42"
"14/02/2020 1:15:00 PM","6.22","7.75","10.66","4.47"
"14/02/2020 1:00:00 PM","6.06","6.88","10.88","4.42"
"14/02/2020 12:45:00 PM","6.22","6.28","11.38","4.39"
"14/02/2020 12:30:00 PM","6.25","6.81","11.41","4.64"
"14/02/2020 12:15:00 PM","6.47","6.91","11.44","5.00"
"14/02/2020 12:00:00 PM","6.13","7.09","11.38","4.83"
"14/02/2020 11:45:00 AM","6.13","6.63","11.22","4.83"
"14/02/2020 11:30:00 AM","6.47","6.25","11.28","4.81"
"14/02/2020 11:15:00 AM","5.91","6.25","10.94","4.89"
"14/02/2020 11:00:00 AM","6.09","6.31","11.03","4.92"
"14/02/2020 10:45:00 AM","5.81","5.94","10.84","4.73"
"14/02/2020 10:30:00 AM","6.03","5.88","10.81","4.73"
"14/02/2020 10:15:00 AM","5.72","6.34","9.31","4.69"
"14/02/2020 10:00:00 AM","5.31","6.53","8.31","4.52"
"14/02/2020 9:45:00 AM","5.25","6.00","7.91","4.63"
"14/02/2020 9:30:00 AM","4.97","5.84","7.94","4.58"
"14/02/2020 9:15:00 AM","5.03","5.31","7.50","4.39"
"14/02/2020 9:00:00 AM","4.66","4.94","7.75","4.03"
"14/02/2020 8:45:00 AM","4.31","4.75","7.22","4.05"
"14/02/2020 8:30:00 AM","3.97","4.38","7.00","3.59"
"14/02/2020 8:15:00 AM","4.03","4.34","6.53","3.75"
"14/02/2020 8:00:00 AM","3.63","4.03","6.78","3.69"
"14/02/2020 7:45:00 AM","3.69","4.03","6.38","3.33"
"14/02/2020 7:30:00 AM","4.22","2.84","6.53","3.23"
"14/02/2020 7:15:00 AM","4.19","2.78","6.72","2.69"
"14/02/2020 7:00:00 AM","4.06","2.78","6.53","2.75"
"14/02/2020 6:45:00 AM","3.94","2.72","6.19","2.77"
"14/02/2020 6:30:00 AM","3.59","2.66","6.78","2.83"
"14/02/2020 6:15:00 AM","2.34","2.41","6.81","2.69"
"14/02/2020 6:00:00 AM","3.72","1.63","7.22","2.75"
"14/02/2020 5:45:00 AM","3.16","1.47","6.47","2.84"
"14/02/2020 5:30:00 AM","2.78","1.50","6.03","3.42"
"14/02/2020 5:15:00 AM","2.81","1.59","6.13","4.23"
"14/02/2020 5:00:00 AM","2.69","2.38","7.25","4.13"
"14/02/2020 4:45:00 AM","2.97","3.28","8.44","4.06"
"14/02/2020 4:30:00 AM","2.31","4.50","8.13","4.33"
"14/02/2020 4:15:00 AM","1.34","5.31","7.16","4.59"
"14/02/2020 4:00:00 AM","1.16","3.97","6.56","4.56"
"14/02/2020 3:45:00 AM","1.41","2.00","5.81","4.47"
"14/02/2020 3:30:00 AM","1.28","1.38","5.97","4.33"
"14/02/2020 3:15:00 AM","0.88","1.19","5.84","4.41"
"14/02/2020 3:00:00 AM","1.09","1.16","5.91","4.69"
"14/02/2020 2:45:00 AM","0.69","1.19","5.78","4.75"
"14/02/2020 2:30:00 AM","0.91","1.22","5.72","4.89"
"14/02/2020 2:15:00 AM","1.00","1.16","6.00","5.03"
"14/02/2020 2:00:00 AM","0.69","1.16","5.78","5.20"
"14/02/2020 1:45:00 AM","0.97","1.22","5.84","5.23"
"14/02/2020 1:30:00 AM","0.81","1.13","6.00","5.19"
"14/02/2020 1:15:00 AM","0.81","1.16","5.81","5.17"
"14/02/2020 1:00:00 AM","0.88","1.31","5.63","4.97"
"14/02/2020 12:45:00 AM","1.00","1.06","5.78","4.83"
"14/02/2020 12:30:00 AM","0.75","1.25","5.44","4.75"
"14/02/2020 12:15:00 AM","1.16","1.25","5.28","4.23"
"14/02/2020 12:00:00 AM","1.44","1.28","4.94","3.06"
"13/02/2020 11:45:00 PM","1.59","1.31","4.56","1.95"
"13/02/2020 11:30:00 PM","1.56","1.00","3.91","1.08"
"13/02/2020 11:15:00 PM","1.13","1.19","4.38","1.48"
"13/02/2020 11:00:00 PM","1.22","1.16","4.09","2.02"
"13/02/2020 10:45:00 PM","1.22","1.25","4.03","2.14"
"13/02/2020 10:30:00 PM","1.19","1.25","4.38","2.53"
"13/02/2020 10:15:00 PM","1.28","1.19","4.44","2.58"
"13/02/2020 10:00:00 PM","1.53","1.28","4.31","2.53"
"13/02/2020 9:45:00 PM","1.78","1.25","4.53","2.63"
"13/02/2020 9:30:00 PM","2.44","1.53","4.41","2.70"
"13/02/2020 9:15:00 PM","2.34","1.31","4.75","2.69"
"13/02/2020 9:00:00 PM","2.19","1.47","4.56","2.81"
"13/02/2020 8:45:00 PM","2.09","1.47","4.88","3.05"
"13/02/2020 8:30:00 PM","2.41","1.16","4.81","2.95"
"13/02/2020 8:15:00 PM","2.03","1.25","5.47","3.19"
"13/02/2020 8:00:00 PM","2.34","1.44","5.94","3.41"
"13/02/2020 7:45:00 PM","2.13","1.41","6.41","3.17"
"13/02/2020 7:30:00 PM","2.47","1.44","5.72","2.59"
"13/02/2020 7:15:00 PM","2.22","1.78","5.88","2.70"
"13/02/2020 7:00:00 PM","3.38","2.41","6.50","2.92"
"13/02/2020 6:45:00 PM","3.88","2.41","6.91","3.16"
"13/02/2020 6:30:00 PM","2.97","2.34","6.72","2.66"
"13/02/2020 6:15:00 PM","3.22","2.59","6.53","1.48"
"13/02/2020 6:00:00 PM","2.75","2.56","7.63","3.34"
"13/02/2020 5:45:00 PM","3.38","4.19","8.91","3.75"
"13/02/2020 5:30:00 PM","5.41","6.13","10.25","4.17"
"13/02/2020 5:15:00 PM","5.66","5.63","10.34","4.08"
"13/02/2020 5:00:00 PM","6.16","5.81","10.19","4.16"
"13/02/2020 4:45:00 PM","6.13","6.19","10.31","4.14"
"13/02/2020 4:30:00 PM","6.34","6.50","10.66","4.20"
"13/02/2020 4:15:00 PM","6.38","6.75","11.00","4.17"
"13/02/2020 4:00:00 PM","6.28","6.63","10.69","4.30"
"13/02/2020 3:45:00 PM","6.09","6.84","10.81","4.16"
"13/02/2020 3:30:00 PM","5.84","7.03","11.13","4.25"
"13/02/2020 3:15:00 PM","5.56","7.28","11.16","4.19"
"13/02/2020 3:00:00 PM","5.81","7.13","11.34","4.34"
"13/02/2020 2:45:00 PM","6.09","7.19","11.59","4.19"
"13/02/2020 2:30:00 PM","6.34","7.41","11.22","4.11"
"13/02/2020 2:15:00 PM","5.78","7.09","11.34","4.02"
"13/02/2020 2:00:00 PM","6.16","6.59","10.94","3.86"
"13/02/2020 1:45:00 PM","5.78","6.78","10.78","3.91"
"13/02/2020 1:30:00 PM","6.00","6.78","11.03","3.88"
"13/02/2020 1:15:00 PM","6.13","6.47","11.09","3.86"
"13/02/2020 1:00:00 PM","5.97","6.00","10.72","3.88"
"13/02/2020 12:45:00 PM","5.84","6.19","9.84","3.91"
"13/02/2020 12:30:00 PM","5.63","6.00","8.69","4.00"
"13/02/2020 12:15:00 PM","5.25","5.88","8.16","4.14"
"13/02/2020 12:00:00 PM","5.44","5.47","8.66","4.22"
"13/02/2020 11:45:00 AM","5.78","5.59","8.56","4.09"
"13/02/2020 11:30:00 AM","5.56","5.38","8.34","4.11"
"13/02/2020 11:15:00 AM","5.78","5.41","8.03","4.14"
"13/02/2020 11:00:00 AM","5.72","4.94","8.34","4.11"
"13/02/2020 10:45:00 AM","5.53","4.97","8.09","4.13"
"13/02/2020 10:30:00 AM","5.13","4.88","7.91","4.09"
"13/02/2020 10:15:00 AM","5.06","4.41","7.69","4.11"
"13/02/2020 10:00:00 AM","4.91","4.13","7.81","4.19"
"13/02/2020 9:45:00 AM","4.69","3.94","7.66","4.02"
"13/02/2020 9:30:00 AM","4.72","4.03","7.69","4.00"
"13/02/2020 9:15:00 AM","4.50","3.81","7.13","4.17"
"13/02/2020 9:00:00 AM","4.63","4.00","7.00","3.89"
"13/02/2020 8:45:00 AM","4.56","4.16","6.63","3.83"
"13/02/2020 8:30:00 AM","4.56","4.16","7.03","3.63"
"13/02/2020 8:15:00 AM","3.88","3.91","6.69","3.69"
"13/02/2020 8:00:00 AM","2.38","3.06","6.59","3.63"
"13/02/2020 7:45:00 AM","2.19","2.50","6.16","3.64"
"13/02/2020 7:30:00 AM","1.78","2.38","6.34","3.36"
"13/02/2020 7:15:00 AM","2.63","2.28","6.31","2.98"
"13/02/2020 7:00:00 AM","2.66","2.31","6.53","2.89"
"13/02/2020 6:45:00 AM","2.28","2.38","6.56","2.80"
"13/02/2020 6:30:00 AM","2.28","2.44","6.97","2.77"
"13/02/2020 6:15:00 AM","2.22","2.38","7.06","2.77"
"13/02/2020 6:00:00 AM","3.31","1.97","6.28","2.69"
"13/02/2020 5:45:00 AM","3.16","2.09","6.13","2.70"
"13/02/2020 5:30:00 AM","2.91","2.81","5.56","3.38"
"13/02/2020 5:15:00 AM","2.72","2.94","6.22","4.17"
"13/02/2020 5:00:00 AM","3.53","2.84","6.66","4.09"
"13/02/2020 4:45:00 AM","2.94","4.25","7.72","4.25"
"13/02/2020 4:30:00 AM","2.25","4.31","7.63","4.48"
"13/02/2020 4:15:00 AM","1.75","2.78","6.88","4.56"
"13/02/2020 4:00:00 AM","1.78","1.78","5.91","4.52"
"13/02/2020 3:45:00 AM","1.16","1.22","5.69","4.28"
"13/02/2020 3:30:00 AM","1.41","1.22","5.63","4.34"
"13/02/2020 3:15:00 AM","0.75","1.28","5.69","4.30"
"13/02/2020 3:00:00 AM","0.75","1.03","5.63","4.23"
"13/02/2020 2:45:01 AM","1.00","1.09","5.47","4.34"
"13/02/2020 2:45:00 AM","1.00","1.19","5.47","4.34"
"13/02/2020 2:30:00 AM","0.78","1.19","5.53","4.63"
"13/02/2020 2:15:00 AM","0.78","1.22","5.47","4.66"
"13/02/2020 2:00:00 AM","0.84","1.06","5.44","5.03"
"13/02/2020 1:45:00 AM","0.84","1.09","5.34","5.08"
"13/02/2020 1:30:00 AM","0.94","1.22","5.34","5.25"
"13/02/2020 1:15:00 AM","0.75","1.09","5.41","5.28"
"13/02/2020 1:00:00 AM","1.00","1.16","5.00","4.73"
"13/02/2020 12:45:00 AM","0.75","1.16","4.66","4.88"
"13/02/2020 12:30:00 AM","0.88","1.09","4.69","4.67"
"13/02/2020 12:15:00 AM","1.19","1.13","4.66","4.08"
"13/02/2020 12:00:00 AM","1.16","1.22","4.50","2.95"
"12/02/2020 11:45:00 PM","1.41","1.13","3.81","2.38"
"12/02/2020 11:30:00 PM","0.94","1.09","3.66","1.88"
"12/02/2020 11:15:00 PM","1.25","1.19","3.81","1.78"
"12/02/2020 11:00:00 PM","1.09","1.25","4.06","1.77"
"12/02/2020 10:45:00 PM","1.16","0.94","3.91","1.61"
"12/02/2020 10:30:00 PM","1.09","1.22","4.03","1.63"
"12/02/2020 10:15:00 PM","1.22","1.13","4.06","2.22"
"12/02/2020 10:00:00 PM","1.28","1.22","4.00","1.98"
"12/02/2020 9:45:00 PM","1.09","1.19","4.03","1.91"
"12/02/2020 9:30:00 PM","1.31","1.22","4.16","1.80"
"12/02/2020 9:15:00 PM","0.97","1.19","4.13","1.97"
"12/02/2020 9:00:00 PM","1.44","1.16","4.69","1.95"
"12/02/2020 8:45:00 PM","1.09","1.25","4.75","2.13"
"12/02/2020 8:30:00 PM","1.34","1.16","4.69","2.31"
"12/02/2020 8:15:00 PM","1.38","1.25","5.00","2.45"
"12/02/2020 8:00:00 PM","1.16","1.38","4.94","2.52"
"12/02/2020 7:45:00 PM","1.31","1.25","5.50","2.50"
"12/02/2020 7:30:00 PM","1.59","1.22","6.84","2.67"
"12/02/2020 7:15:00 PM","1.50","1.47","7.44","2.84"
"12/02/2020 7:00:00 PM","1.72","1.94","7.22","3.09"
"12/02/2020 6:45:00 PM","2.38","1.94","8.41","3.34"
"12/02/2020 6:30:00 PM","2.50","2.00","8.19","2.58"
"12/02/2020 6:15:00 PM","2.03","2.38","7.69","1.33"
"12/02/2020 6:00:00 PM","2.25","2.38","8.41","3.89"
"12/02/2020 5:45:00 PM","2.91","4.81","9.03","4.45"
"12/02/2020 5:30:00 PM","4.13","6.28","11.34","4.78"
"12/02/2020 5:15:00 PM","4.41","5.56","10.97","4.89"
"12/02/2020 5:00:00 PM","4.56","5.66","11.00","4.94"
"12/02/2020 4:45:00 PM","5.00","5.72","11.25","5.03"
"12/02/2020 4:30:00 PM","4.91","5.75","11.69","5.14"
"12/02/2020 4:15:00 PM","4.88","5.88","11.50","5.02"
"12/02/2020 4:00:00 PM","5.38","5.88","11.22","5.25"
"12/02/2020 3:45:00 PM","5.81","5.94","11.19","5.17"
"12/02/2020 3:30:00 PM","5.31","6.25","11.13","5.22"
"12/02/2020 3:15:00 PM","5.41","6.59","11.09","5.17"
"12/02/2020 3:00:00 PM","5.69","6.66","10.09","5.11"
"12/02/2020 2:45:00 PM","5.66","6.72","9.13","5.13"
"12/02/2020 2:30:00 PM","5.63","7.22","9.06","5.06"
"12/02/2020 2:15:01 PM","5.94","7.16","8.06","5.13"
"12/02/2020 2:15:00 PM","5.53","7.16","8.06","5.13"
"12/02/2020 2:00:00 PM","5.53","7.09","8.44","5.16"
"12/02/2020 1:45:00 PM","5.22","7.28","8.34","5.17"
"12/02/2020 1:30:00 PM","4.91","7.16","8.00","5.08"
"12/02/2020 1:15:00 PM","5.16","6.56","8.06","4.92"
"12/02/2020 1:00:00 PM","5.09","6.78","8.28","4.86"
"12/02/2020 12:45:00 PM","4.97","6.63","7.91","4.88"
"12/02/2020 12:30:00 PM","5.06","6.50","8.13","4.80"
"12/02/2020 12:15:00 PM","5.09","6.13","7.66","4.63"
"12/02/2020 12:00:00 PM","4.94","6.00","7.97","4.47"
"12/02/2020 11:45:00 AM","5.38","5.84","7.91","4.38"
"12/02/2020 11:30:00 AM","4.84","5.91","7.50","4.36"
"12/02/2020 11:15:00 AM","5.22","5.94","7.47","4.19"
"12/02/2020 11:00:00 AM","4.56","5.94","7.22","4.22"
"12/02/2020 10:45:00 AM","4.66","5.63","7.34","4.08"
"12/02/2020 10:30:00 AM","4.53","5.34","6.84","4.00"
"12/02/2020 10:15:00 AM","4.09","5.13","6.69","3.92"
"12/02/2020 10:00:00 AM","4.31","4.84","6.81","3.95"
"12/02/2020 9:45:00 AM","4.34","5.28","6.41","3.95"
"12/02/2020 9:30:00 AM","4.44","4.81","6.53","3.88"
"12/02/2020 9:15:00 AM","4.00","5.13","6.16","3.91"
"12/02/2020 9:00:00 AM","3.78","4.97","6.09","3.94"
"12/02/2020 8:45:00 AM","3.84","4.94","6.06","3.91"
"12/02/2020 8:30:00 AM","3.72","4.78","6.06","3.81"
"12/02/2020 8:15:00 AM","3.47","4.88","5.78","3.83"
"12/02/2020 8:00:00 AM","3.19","3.94","5.78","3.73"
"12/02/2020 7:45:00 AM","2.66","3.59","5.97","3.63"
"12/02/2020 7:30:00 AM","2.66","2.75","5.84","3.34"
"12/02/2020 7:15:00 AM","2.69","2.66","5.78","2.64"
"12/02/2020 7:00:00 AM","2.84","2.59","5.44","2.66"
"12/02/2020 6:45:00 AM","3.38","2.59","5.56","2.61"
"12/02/2020 6:30:00 AM","3.63","3.28","6.31","2.66"
"12/02/2020 6:15:00 AM","3.31","3.69","7.03","2.67"
"12/02/2020 6:00:00 AM","3.31","3.69","6.84","2.75"
"12/02/2020 5:45:00 AM","2.50","3.06","5.16","2.44"
"12/02/2020 5:30:00 AM","2.94","2.53","4.50","2.17"
"12/02/2020 5:15:00 AM","2.53","2.25","4.78","2.33"
"12/02/2020 5:00:00 AM","2.47","2.59","5.13","2.36"
"12/02/2020 4:45:00 AM","2.50","3.09","6.06","2.27"
"12/02/2020 4:30:00 AM","2.13","3.53","5.91","2.39"
"12/02/2020 4:15:00 AM","1.84","3.50","5.19","2.92"
"12/02/2020 4:00:00 AM","1.59","2.56","4.19","2.73"
"12/02/2020 3:45:00 AM","1.63","1.59","3.91","2.09"
"12/02/2020 3:30:00 AM","1.22","1.19","3.50","1.28"
"12/02/2020 3:15:00 AM","0.88","1.06","3.69","0.97"
"12/02/2020 3:00:00 AM","1.03","1.13","3.50","0.95"
"12/02/2020 2:45:00 AM","0.66","1.13","3.81","0.89"
"12/02/2020 2:30:00 AM","0.81","1.09","3.69","0.97"
"12/02/2020 2:15:00 AM","0.75","1.09","3.53","1.13"
"12/02/2020 2:00:00 AM","1.06","1.22","3.69","1.83"
"12/02/2020 1:45:01 AM","0.59","1.13","3.94","1.67"
"12/02/2020 1:45:00 AM","1.09","1.06","3.94","1.67"
"12/02/2020 1:30:00 AM","1.09","1.06","3.66","1.77"
"12/02/2020 1:15:00 AM","0.69","1.22","3.97","1.63"
"12/02/2020 1:00:00 AM","0.78","1.19","3.78","0.95"
"12/02/2020 12:45:00 AM","0.81","1.31","3.78","0.92"
"12/02/2020 12:30:00 AM","1.00","0.97","3.63","1.03"
"12/02/2020 12:15:00 AM","0.63","1.13","3.72","0.98"
"12/02/2020 12:00:00 AM","1.00","1.28","3.75","0.92"
"11/02/2020 11:45:00 PM","1.19","1.09","3.94","0.98"
"11/02/2020 11:30:00 PM","1.13","1.06","3.94","0.97"
"11/02/2020 11:15:00 PM","1.13","1.28","3.78","0.97"
"11/02/2020 11:00:00 PM","1.16","1.06","3.84","1.00"
"11/02/2020 10:45:00 PM","1.22","1.09","3.94","1.00"
"11/02/2020 10:30:00 PM","1.06","1.25","4.00","1.50"
"11/02/2020 10:15:00 PM","1.16","1.03","4.22","1.95"
"11/02/2020 10:00:00 PM","1.16","1.06","4.94","1.94"
"11/02/2020 9:45:00 PM","1.13","1.06","5.91","1.94"
"11/02/2020 9:30:00 PM","1.16","1.22","6.09","2.00"
"11/02/2020 9:15:00 PM","1.28","1.06","6.28","2.05"
"11/02/2020 9:00:00 PM","1.09","1.09","6.13","1.95"
"11/02/2020 8:45:00 PM","1.09","1.19","6.22","2.09"
"11/02/2020 8:30:00 PM","1.25","1.19","6.28","1.80"
"11/02/2020 8:15:00 PM","1.19","1.19","6.91","2.39"
"11/02/2020 8:00:00 PM","1.63","1.06","6.72","2.44"
"11/02/2020 7:45:00 PM","1.59","1.22","6.69","2.45"
"11/02/2020 7:30:00 PM","1.72","1.19","7.03","2.50"
"11/02/2020 7:15:00 PM","1.88","1.41","7.19","2.73"
"11/02/2020 7:00:00 PM","3.41","2.31","7.47","2.86"
"11/02/2020 6:45:00 PM","3.75","2.53","7.97","3.03"
"11/02/2020 6:30:00 PM","3.13","2.84","8.00","2.56"
"11/02/2020 6:15:00 PM","3.53","3.03","7.31","1.55"
"11/02/2020 6:00:00 PM","3.06","2.88","7.91","3.42"
"11/02/2020 5:45:00 PM","3.53","3.94","8.53","3.98"
"11/02/2020 5:30:00 PM","4.91","5.72","9.84","4.33"
"11/02/2020 5:15:00 PM","5.44","6.09","10.25","4.41"
"11/02/2020 5:00:00 PM","5.69","6.00","10.41","4.59"
"11/02/2020 4:45:00 PM","5.97","6.25","10.56","4.69"
"11/02/2020 4:30:00 PM","6.31","6.63","11.06","4.66"
"11/02/2020 4:15:00 PM","5.91","7.00","10.78","4.80"
"11/02/2020 4:00:00 PM","5.06","7.38","11.03","4.53"
"11/02/2020 3:45:00 PM","5.16","7.03","10.84","4.72"
"11/02/2020 3:30:00 PM","5.69","7.03","10.97","4.83"
"11/02/2020 3:15:00 PM","5.63","7.16","10.81","5.05"
"11/02/2020 3:00:00 PM","5.19","6.97","10.41","4.83"
"11/02/2020 2:45:00 PM","4.41","6.81","10.50","4.83"
"11/02/2020 2:30:00 PM","5.19","6.59","10.44","4.84"
"11/02/2020 2:15:00 PM","5.44","6.63","10.66","4.70"
"11/02/2020 2:00:00 PM","5.78","6.75","10.28","4.72"
"11/02/2020 1:45:00 PM","5.69","6.97","9.59","4.61"
"11/02/2020 1:30:00 PM","5.72","6.81","8.75","4.61"
"11/02/2020 1:15:00 PM","5.59","6.66","8.81","4.63"
"11/02/2020 1:00:00 PM","5.47","6.03","8.38","4.58"
"11/02/2020 12:45:00 PM","4.91","5.94","8.28","4.61"
"11/02/2020 12:30:00 PM","5.41","6.16","8.19","4.61"
"11/02/2020 12:15:00 PM","5.38","6.34","7.69","4.67"
"11/02/2020 12:00:00 PM","5.41","5.78","7.69","4.67"
"11/02/2020 11:45:00 AM","4.81","5.44","7.69","4.69"
"11/02/2020 11:30:00 AM","4.88","5.47","7.63","4.84"
"11/02/2020 11:15:00 AM","5.00","5.72","7.78","4.58"
"11/02/2020 11:00:00 AM","5.00","5.75","8.09","4.48"
"11/02/2020 10:45:00 AM","4.91","5.56","7.56","4.59"
"11/02/2020 10:30:00 AM","4.91","5.31","7.16","4.38"
"11/02/2020 10:15:00 AM","4.13","5.16","7.03","4.20"
"11/02/2020 10:00:00 AM","4.38","5.31","7.22","4.19"
"11/02/2020 9:45:00 AM","4.09","5.25","7.25","4.17"
"11/02/2020 9:30:00 AM","4.09","4.94","7.22","4.17"
"11/02/2020 9:15:00 AM","3.91","4.94","7.09","4.22"
"11/02/2020 9:00:00 AM","3.97","5.09","6.69","4.19"
"11/02/2020 8:45:00 AM","3.72","4.78","6.69","4.17"
"11/02/2020 8:30:00 AM","4.06","4.16","6.66","4.30"
"11/02/2020 8:15:00 AM","3.47","4.16","6.50","4.30"
"11/02/2020 8:00:00 AM","3.59","3.50","6.28","4.27"
"11/02/2020 7:45:00 AM","3.75","3.25","6.34","4.14"
"11/02/2020 7:30:00 AM","3.19","2.84","6.38","3.80"
"11/02/2020 7:15:00 AM","3.09","2.66","6.47","3.16"
"11/02/2020 7:00:00 AM","2.50","2.53","5.75","3.16"
"11/02/2020 6:45:00 AM","3.63","2.44","5.88","3.20"
"11/02/2020 6:30:00 AM","3.41","2.59","6.19","3.19"
"11/02/2020 6:15:00 AM","3.34","2.38","6.72","2.97"
"11/02/2020 6:00:00 AM","3.47","1.91","6.84","2.73"
"11/02/2020 5:45:00 AM","2.88","2.38","5.94","2.80"
"11/02/2020 5:30:00 AM","3.19","2.97","4.50","2.55"
"11/02/2020 5:15:00 AM","3.44","2.72","5.16","2.25"
"11/02/2020 5:00:00 AM","2.78","2.47","5.13","2.23"
"11/02/2020 4:45:00 AM","2.34","3.31","5.25","2.25"
"11/02/2020 4:30:00 AM","1.75","4.00","5.41","2.67"
"11/02/2020 4:15:00 AM","1.63","3.28","4.53","2.91"
"11/02/2020 4:00:00 AM","1.75","2.06","3.88","2.69"
"11/02/2020 3:45:00 AM","1.50","1.38","3.69","2.08"
"11/02/2020 3:30:00 AM","1.25","1.41","3.31","1.95"
"11/02/2020 3:15:00 AM","0.81","1.16","3.69","1.98"
"11/02/2020 3:00:00 AM","0.81","1.06","3.50","1.97"
"11/02/2020 2:45:00 AM","0.91","1.03","3.50","1.98"
"11/02/2020 2:30:00 AM","0.72","1.13","3.38","1.92"
"11/02/2020 2:15:00 AM","1.00","1.06","3.63","1.94"
"11/02/2020 2:00:00 AM","0.75","1.25","3.78","1.81"
"11/02/2020 1:45:00 AM","0.91","1.19","3.56","1.75"
"11/02/2020 1:30:00 AM","0.78","0.94","3.38","1.19"
"11/02/2020 1:15:00 AM","0.97","1.22","3.53","0.89"
"11/02/2020 1:00:00 AM","0.66","1.16","3.63","1.98"
"11/02/2020 12:45:00 AM","1.00","1.13","3.50","1.98"
"11/02/2020 12:30:00 AM","0.66","1.22","3.34","2.11"
"11/02/2020 12:15:00 AM","1.00","1.16","3.53","1.97"
"11/02/2020 12:00:00 AM","0.94","1.13","3.56","2.05"
"10/02/2020 11:45:00 PM","1.22","1.09","3.59","1.91"
"10/02/2020 11:30:00 PM","1.09","1.19","3.63","1.97"
"10/02/2020 11:15:00 PM","1.13","1.19","4.03","2.23"
"10/02/2020 11:00:00 PM","1.16","1.16","3.72","1.91"
"10/02/2020 10:45:00 PM","1.16","1.13","3.66","1.88"
"10/02/2020 10:30:00 PM","1.28","1.16","3.97","2.16"
"10/02/2020 10:15:00 PM","1.09","1.22","4.13","2.20"
"10/02/2020 10:00:00 PM","1.19","1.22","3.97","2.45"
"10/02/2020 9:45:00 PM","1.28","1.38","5.09","2.63"
"10/02/2020 9:30:00 PM","1.25","1.28","5.88","2.67"
"10/02/2020 9:15:00 PM","1.25","1.53","6.25","2.36"
"10/02/2020 9:00:00 PM","1.22","1.31","6.06","2.28"
"10/02/2020 8:45:00 PM","1.53","1.44","5.84","2.30"
"10/02/2020 8:30:00 PM","1.53","1.47","6.34","2.52"
"10/02/2020 8:15:00 PM","1.50","1.53","6.97","2.83"
"10/02/2020 8:00:00 PM","1.59","1.38","6.75","2.84"
"10/02/2020 7:45:00 PM","1.66","1.19","7.06","2.44"
"10/02/2020 7:30:00 PM","1.66","1.25","6.41","2.67"
"10/02/2020 7:15:00 PM","2.44","2.16","7.06","2.72"
"10/02/2020 7:00:00 PM","3.06","3.03","7.47","2.64"
"10/02/2020 6:45:00 PM","3.19","2.50","7.84","2.97"
"10/02/2020 6:30:00 PM","3.22","2.69","7.66","2.70"
"10/02/2020 6:15:00 PM","3.19","2.63","6.81","2.05"
"10/02/2020 6:00:00 PM","3.00","2.34","7.56","3.98"
"10/02/2020 5:45:00 PM","3.00","3.34","8.78","4.28"
"10/02/2020 5:30:00 PM","4.13","4.28","10.84","4.69"
"10/02/2020 5:15:00 PM","3.72","4.69","10.38","4.67"
"10/02/2020 5:00:00 PM","4.19","5.00","10.59","4.78"
"10/02/2020 4:45:00 PM","4.06","5.22","10.81","4.73"
"10/02/2020 4:30:00 PM","3.94","5.22","10.66","4.66"
"10/02/2020 4:15:00 PM","3.84","4.88","11.00","4.86"
"10/02/2020 4:00:00 PM","3.97","4.81","11.13","4.83"
"10/02/2020 3:45:00 PM","3.72","5.09","10.88","4.72"
"10/02/2020 3:30:00 PM","4.41","5.19","10.72","4.70"
"10/02/2020 3:15:00 PM","4.84","5.13","10.84","4.64"
"10/02/2020 3:00:00 PM","5.28","5.13","10.44","4.66"
"10/02/2020 2:45:00 PM","5.28","5.25","10.16","4.61"
"10/02/2020 2:30:00 PM","5.28","4.91","11.44","4.55"
"10/02/2020 2:15:00 PM","4.78","4.94","12.31","4.45"
"10/02/2020 2:00:00 PM","5.09","5.09","12.19","4.41"
"10/02/2020 1:45:00 PM","5.06","5.00","11.16","4.50"
"10/02/2020 1:30:00 PM","4.75","4.47","9.16","4.20"
"10/02/2020 1:15:00 PM","4.44","4.72","8.31","4.17"
"10/02/2020 1:00:00 PM","4.22","4.75","8.22","4.27"
"10/02/2020 12:45:00 PM","4.44","4.50","8.25","4.34"
"10/02/2020 12:30:00 PM","4.50","4.59","8.44","4.39"
"10/02/2020 12:15:00 PM","4.94","4.78","8.50","4.48"
"10/02/2020 12:00:00 PM","4.81","5.19","7.88","4.33"
"10/02/2020 11:45:00 AM","4.72","4.94","8.00","4.19"
"10/02/2020 11:30:00 AM","4.66","4.88","7.41","4.11"
"10/02/2020 11:15:00 AM","4.53","4.97","7.72","4.06"
"10/02/2020 11:00:00 AM","4.19","4.94","7.59","4.16"
"10/02/2020 10:45:00 AM","4.16","4.78","7.25","4.03"
"10/02/2020 10:30:00 AM","4.16","4.81","7.47","4.08"
"10/02/2020 10:15:00 AM","4.16","4.81","7.25","4.03"
"10/02/2020 10:00:00 AM","4.47","4.31","6.84","4.03"
"10/02/2020 9:45:00 AM","4.09","4.34","6.91","3.94"
"10/02/2020 9:30:00 AM","3.47","4.44","7.19","3.91"
"10/02/2020 9:15:00 AM","2.25","4.16","6.94","3.89"
"10/02/2020 9:00:00 AM","1.81","4.06","6.56","3.83"
"10/02/2020 8:45:00 AM","2.03","4.16","6.59","3.88"
"10/02/2020 8:30:00 AM","1.69","3.38","6.28","3.73"
"10/02/2020 8:15:00 AM","1.91","3.06","6.41","3.67"
"10/02/2020 8:00:00 AM","2.00","3.22","6.28","3.67"
"10/02/2020 7:45:00 AM","2.22","2.47","6.38","3.66"
"10/02/2020 7:30:00 AM","3.03","2.22","6.44","3.31"
"10/02/2020 7:15:00 AM","3.31","2.25","7.53","2.77"
"10/02/2020 7:00:00 AM","3.06","2.31","7.75","2.77"
"10/02/2020 6:45:00 AM","2.75","2.38","7.25","2.70"
"10/02/2020 6:30:00 AM","2.75","2.38","6.78","2.66"
"10/02/2020 6:15:00 AM","2.63","2.97","6.41","2.55"
"10/02/2020 6:00:00 AM","3.84","3.50","6.34","2.53"
"10/02/2020 5:45:00 AM","3.88","3.00","5.59","2.25"
"10/02/2020 5:30:00 AM","3.06","2.44","5.13","1.88"
"10/02/2020 5:15:00 AM","3.59","2.66","4.75","1.58"
"10/02/2020 5:00:00 AM","2.50","3.47","6.25","2.72"
"10/02/2020 4:45:00 AM","1.97","3.88","6.81","3.08"
"10/02/2020 4:30:00 AM","1.47","4.13","6.53","3.81"
"10/02/2020 4:15:00 AM","1.41","3.81","5.34","3.91"
"10/02/2020 4:00:00 AM","1.56","2.88","5.28","3.72"
"10/02/2020 3:45:00 AM","1.50","2.09","5.25","3.75"
"10/02/2020 3:30:00 AM","1.28","2.03","5.34","3.52"
"10/02/2020 3:15:00 AM","0.75","1.66","5.25","3.48"
"10/02/2020 3:00:00 AM","0.84","1.81","5.19","3.47"
"10/02/2020 2:45:00 AM","0.75","1.97","5.28","3.53"
"10/02/2020 2:30:00 AM","0.75","1.78","5.13","3.47"
"10/02/2020 2:15:00 AM","0.84","1.63","5.00","3.48"
"10/02/2020 2:00:00 AM","0.78","1.78","5.31","3.44"
"10/02/2020 1:45:00 AM","0.84","1.94","5.44","3.42"
"10/02/2020 1:30:00 AM","0.69","1.69","5.34","3.31"
"10/02/2020 1:15:00 AM","0.94","1.75","5.03","3.33"
"10/02/2020 1:00:00 AM","0.63","1.81","5.25","3.34"
"10/02/2020 12:45:00 AM","0.94","1.75","5.41","3.53"
"10/02/2020 12:30:00 AM","0.75","1.78","5.25","3.48"
"10/02/2020 12:15:00 AM","0.72","1.88","5.28","3.05"
"10/02/2020 12:00:00 AM","1.09","1.75","4.59","2.39"
"9/02/2020 11:45:00 PM","0.94","1.72","4.34","2.31"
"9/02/2020 11:30:00 PM","1.13","1.81","3.94","2.09"
"9/02/2020 11:15:00 PM","1.13","1.75","3.66","2.05"
"9/02/2020 11:00:00 PM","1.06","1.81","4.00","1.83"
"9/02/2020 10:45:00 PM","1.13","1.72","3.69","1.91"
"9/02/2020 10:30:00 PM","1.13","1.84","4.03","1.77"
"9/02/2020 10:15:00 PM","1.25","1.84","4.00","1.89"
"9/02/2020 10:00:00 PM","1.00","1.72","4.00","1.80"
"9/02/2020 9:45:00 PM","1.16","1.78","3.81","1.70"
"9/02/2020 9:30:00 PM","1.16","1.75","4.03","2.02"
"9/02/2020 9:15:00 PM","1.06","1.84","4.25","1.88"
"9/02/2020 9:00:00 PM","1.22","1.75","4.22","1.88"
"9/02/2020 8:45:00 PM","1.03","1.97","4.09","1.78"
"9/02/2020 8:30:00 PM","1.34","1.97","4.28","1.83"
"9/02/2020 8:15:00 PM","1.03","1.72","4.31","1.78"
"9/02/2020 8:00:00 PM","1.09","2.00","4.38","1.80"
"9/02/2020 7:45:00 PM","1.19","1.78","4.75","1.64"
"9/02/2020 7:30:00 PM","1.34","1.97","4.38","2.00"
"9/02/2020 7:15:00 PM","1.13","2.19","4.56","1.92"
"9/02/2020 7:00:00 PM","1.22","2.31","4.50","1.94"
"9/02/2020 6:45:00 PM","1.16","2.09","4.75","2.02"
"9/02/2020 6:30:00 PM","1.09","2.25","4.59","2.20"
"9/02/2020 6:15:00 PM","1.34","2.16","4.50","2.38"
"9/02/2020 6:00:00 PM","1.22","2.34","4.47","2.45"
"9/02/2020 5:45:00 PM","1.50","2.41","4.72","2.28"
"9/02/2020 5:30:00 PM","1.56","2.47","4.97","2.20"
"9/02/2020 5:15:00 PM","1.84","2.38","5.13","2.23"
"9/02/2020 5:00:00 PM","1.41","2.63","5.09","2.33"
"9/02/2020 4:45:00 PM","1.72","2.66","5.13","2.36"
"9/02/2020 4:30:00 PM","1.56","2.47","5.13","2.47"
"9/02/2020 4:15:00 PM","1.72","2.44","5.03","2.42"
"9/02/2020 4:00:00 PM","1.63","2.50","5.13","2.39"
"9/02/2020 3:45:00 PM","1.56","2.47","5.13","2.53"
"9/02/2020 3:30:00 PM","1.38","2.19","5.22","1.88"
"9/02/2020 3:15:00 PM","1.53","2.25","5.03","2.19"
"9/02/2020 3:00:00 PM","1.53","1.94","5.34","2.30"
"9/02/2020 2:45:00 PM","1.38","2.13","5.22","2.44"
"9/02/2020 2:30:00 PM","1.38","2.22","5.06","2.44"
"9/02/2020 2:15:00 PM","1.53","2.00","5.25","2.64"
"9/02/2020 2:00:00 PM","1.41","2.13","5.09","2.64"
"9/02/2020 1:45:00 PM","1.34","2.06","5.19","2.70"
"9/02/2020 1:30:00 PM","1.22","2.22","5.00","1.98"
"9/02/2020 1:15:00 PM","1.22","2.19","5.09","2.22"
"9/02/2020 1:00:00 PM","1.00","2.13","5.09","2.11"
"9/02/2020 12:45:00 PM","1.03","2.16","5.16","2.06"
"9/02/2020 12:30:00 PM","1.06","2.22","5.09","2.02"
"9/02/2020 12:15:00 PM","1.19","2.19","5.00","2.13"
"9/02/2020 12:00:00 PM","1.06","2.09","4.81","2.36"
"9/02/2020 11:45:00 AM","1.19","2.03","4.72","2.47"
"9/02/2020 11:30:00 AM","1.13","2.16","4.81","2.42"
"9/02/2020 11:15:00 AM","1.16","2.00","4.75","2.61"
"9/02/2020 11:00:00 AM","1.19","1.94","4.84","2.72"
"9/02/2020 10:45:00 AM","1.13","2.06","4.75","2.80"
"9/02/2020 10:30:00 AM","1.31","2.16","5.00","2.91"
"9/02/2020 10:15:00 AM","1.03","2.06","4.59","2.72"
"9/02/2020 10:00:00 AM","1.16","2.00","4.44","2.56"
"9/02/2020 9:45:00 AM","1.19","1.78","4.16","2.72"
"9/02/2020 9:30:00 AM","1.13","1.81","4.38","2.48"
"9/02/2020 9:15:00 AM","1.13","2.00","4.22","1.30"
"9/02/2020 9:00:00 AM","1.13","1.81","4.69","1.22"
"9/02/2020 8:45:00 AM","1.19","1.84","4.38","1.28"
"9/02/2020 8:30:00 AM","1.47","1.81","3.75","0.91"
"9/02/2020 8:15:00 AM","1.31","1.81","3.47","0.84"
"9/02/2020 8:00:00 AM","1.13","1.81","3.69","0.78"
"9/02/2020 7:45:00 AM","1.19","1.97","3.56","0.81"
"9/02/2020 7:30:00 AM","1.00","1.97","3.66","0.89"
"9/02/2020 7:15:00 AM","1.19","1.72","3.44","0.84"
"9/02/2020 7:00:00 AM","1.13","1.88","3.63","0.84"
"9/02/2020 6:45:00 AM","1.03","1.69","3.34","0.84"
"9/02/2020 6:30:00 AM","0.88","1.78","3.25","0.78"
"9/02/2020 6:15:00 AM","0.78","1.81","3.22","0.83"
"9/02/2020 6:00:00 AM","0.81","1.72","3.38","0.86"
"9/02/2020 5:45:00 AM","0.72","1.88","3.28","0.88"
"9/02/2020 5:30:00 AM","0.88","1.81","3.16","0.84"
"9/02/2020 5:15:00 AM","0.81","1.78","3.16","0.97"
"9/02/2020 5:00:00 AM","0.72","1.78","3.09","1.78"
"9/02/2020 4:45:00 AM","0.81","1.72","3.13","1.80"
"9/02/2020 4:30:00 AM","0.88","1.75","3.31","1.78"
"9/02/2020 4:15:00 AM","0.78","1.88","3.22","1.73"
"9/02/2020 4:00:00 AM","1.00","1.84","3.16","1.73"
"9/02/2020 3:45:00 AM","0.53","1.72","3.09","1.88"
"9/02/2020 3:30:00 AM","0.91","1.84","3.09","1.78"
"9/02/2020 3:15:00 AM","0.78","1.88","3.34","1.66"
"9/02/2020 3:00:00 AM","0.94","1.75","3.16","0.86"
"9/02/2020 2:45:00 AM","0.63","1.72","2.84","0.83"
"9/02/2020 2:30:00 AM","0.94","1.75","2.94","0.81"
"9/02/2020 2:15:00 AM","0.75","1.72","2.84","0.78"
"9/02/2020 2:00:00 AM","0.69","1.88","3.06","0.86"
"9/02/2020 1:45:00 AM","0.84","1.88","3.06","0.80"
"9/02/2020 1:30:00 AM","0.75","1.75","3.06","0.80"
"9/02/2020 1:15:00 AM","0.84","1.81","3.00","1.52"
"9/02/2020 1:00:00 AM","0.78","1.75","3.63","1.91"
"9/02/2020 12:45:00 AM","0.81","1.84","3.50","1.95"
"9/02/2020 12:30:00 AM","0.88","1.91","3.72","1.92"
"9/02/2020 12:15:00 AM","0.81","1.81","3.75","1.77"
"9/02/2020 12:00:00 AM","1.00","1.91","3.72","1.91"
"8/02/2020 11:45:00 PM","1.09","1.78","3.81","2.02"
"8/02/2020 11:30:00 PM","1.16","1.72","3.88","1.89"
"8/02/2020 11:15:00 PM","1.25","1.75","4.03","1.36"
"8/02/2020 11:00:00 PM","0.97","1.81","3.47","1.69"
"8/02/2020 10:45:00 PM","1.16","1.81","3.34","1.77"
"8/02/2020 10:30:00 PM","1.16","1.72","3.44","1.91"
"8/02/2020 10:15:00 PM","1.16","1.81","3.94","2.22"
"8/02/2020 10:00:00 PM","1.13","1.78","4.22","2.16"
"8/02/2020 9:45:00 PM","1.16","1.94","4.25","2.28"
"8/02/2020 9:30:00 PM","1.25","1.78","4.41","2.23"
"8/02/2020 9:15:00 PM","1.06","1.94","4.75","2.31"
"8/02/2020 9:00:00 PM","1.09","1.97","4.38","2.03"
"8/02/2020 8:45:00 PM","1.25","1.91","4.59","2.20"
"8/02/2020 8:30:00 PM","1.31","1.91","4.47","2.28"
"8/02/2020 8:15:00 PM","1.22","1.84","4.81","2.64"
"8/02/2020 8:00:00 PM","1.06","1.72","4.84","2.84"
"8/02/2020 7:45:00 PM","1.31","1.91","4.88","2.75"
"8/02/2020 7:30:00 PM","1.03","1.94","4.75","2.55"
"8/02/2020 7:15:00 PM","1.28","1.84","5.09","2.67"
"8/02/2020 7:00:00 PM","1.41","1.91","5.50","2.66"
"8/02/2020 6:45:00 PM","2.16","2.38","5.16","2.89"
"8/02/2020 6:30:00 PM","2.00","2.28","5.63","3.06"
"8/02/2020 6:15:00 PM","1.97","2.16","5.00","2.83"
"8/02/2020 6:00:00 PM","1.78","2.09","5.34","2.58"
"8/02/2020 5:45:00 PM","1.69","2.41","5.22","2.52"
"8/02/2020 5:30:00 PM","1.78","2.50","5.91","2.84"
"8/02/2020 5:15:00 PM","1.94","2.50","5.59","2.88"
"8/02/2020 5:00:00 PM","1.88","2.69","5.97","2.80"
"8/02/2020 4:45:00 PM","2.06","2.72","6.03","2.91"
"8/02/2020 4:30:00 PM","1.81","2.53","5.78","2.84"
"8/02/2020 4:15:00 PM","2.22","2.53","5.75","2.83"
"8/02/2020 4:00:00 PM","2.03","2.69","5.91","2.97"
"8/02/2020 3:45:00 PM","2.25","2.69","5.72","3.14"
"8/02/2020 3:30:00 PM","2.72","2.63","5.97","2.84"
"8/02/2020 3:15:00 PM","2.66","2.56","5.81","2.92"
"8/02/2020 3:00:00 PM","2.41","2.63","6.00","2.89"
"8/02/2020 2:45:00 PM","2.38","2.63","5.81","2.42"
"8/02/2020 2:30:00 PM","2.34","2.56","5.84","2.50"
"8/02/2020 2:15:00 PM","2.00","2.66","5.81","2.72"
"8/02/2020 2:00:00 PM","2.28","2.56","5.72","2.92"
"8/02/2020 1:45:00 PM","2.06","2.50","5.19","2.86"
"8/02/2020 1:30:00 PM","2.03","2.59","5.19","2.94"
"8/02/2020 1:15:00 PM","2.06","2.69","5.19","2.89"
"8/02/2020 1:00:01 PM","2.22","2.72","5.00","2.92"
"8/02/2020 12:45:00 PM","1.84","2.59","4.97","2.81"
"8/02/2020 12:30:00 PM","1.81","2.66","4.78","2.61"
"8/02/2020 12:15:00 PM","1.53","2.41","4.66","2.67"
"8/02/2020 12:00:00 PM","2.00","2.47","4.97","2.61"
"8/02/2020 11:45:00 AM","1.97","2.41","4.69","2.63"
"8/02/2020 11:30:00 AM","1.97","2.41","5.00","2.73"
"8/02/2020 11:15:00 AM","1.50","2.16","4.66","2.61"
"8/02/2020 11:00:00 AM","1.44","1.97","5.09","2.72"
"8/02/2020 10:45:00 AM","1.34","2.25","5.09","2.41"
"8/02/2020 10:30:00 AM","1.13","2.31","5.06","2.88"
"8/02/2020 10:15:00 AM","1.09","2.34","5.06","2.80"
"8/02/2020 10:00:00 AM","1.28","2.28","4.84","2.94"
"8/02/2020 9:45:00 AM","1.09","2.34","4.88","2.95"
"8/02/2020 9:30:00 AM","1.31","2.31","4.69","3.06"
"8/02/2020 9:15:00 AM","1.94","2.00","4.91","3.45"
"8/02/2020 9:00:00 AM","1.81","1.97","4.72","2.75"
"8/02/2020 8:45:00 AM","1.78","1.97","4.66","2.20"
"8/02/2020 8:30:00 AM","1.41","1.97","4.28","1.36"
"8/02/2020 8:15:00 AM","1.22","1.78","4.81","1.31"
"8/02/2020 8:00:00 AM","1.19","1.88","4.25","1.05"
"8/02/2020 7:45:00 AM","1.13","1.84","3.81","0.92"
"8/02/2020 7:30:00 AM","1.22","1.84","3.78","0.86"
"8/02/2020 7:15:00 AM","0.91","1.69","3.53","0.95"
"8/02/2020 7:00:00 AM","1.38","1.91","3.75","0.97"
"8/02/2020 6:45:00 AM","1.03","1.84","3.69","0.98"
"8/02/2020 6:30:00 AM","0.75","1.69","3.66","0.86"
"8/02/2020 6:15:00 AM","0.78","1.81","3.47","0.91"
"8/02/2020 6:00:00 AM","0.78","1.78","3.63","0.80"
"8/02/2020 5:45:00 AM","0.88","1.81","3.50","0.86"
"8/02/2020 5:30:00 AM","0.78","1.88","3.59","0.92"
"8/02/2020 5:15:00 AM","0.81","1.75","3.63","0.78"
"8/02/2020 5:00:00 AM","0.78","1.78","3.53","0.84"
"8/02/2020 4:45:00 AM","0.75","1.91","3.47","0.81"
"8/02/2020 4:30:00 AM","0.75","1.78","3.63","0.83"
"8/02/2020 4:15:00 AM","1.00","1.78","3.47","0.80"
"8/02/2020 4:00:00 AM","0.66","1.81","3.66","0.81"
"8/02/2020 3:45:00 AM","0.94","1.88","3.50","0.80"
"8/02/2020 3:30:00 AM","0.72","1.69","3.56","0.83"
"8/02/2020 3:15:00 AM","0.78","1.78","3.34","0.86"
"8/02/2020 3:00:00 AM","0.94","1.81","3.44","0.80"
"8/02/2020 2:45:00 AM","0.72","1.84","3.16","0.91"
"8/02/2020 2:30:00 AM","0.78","1.81","3.31","0.81"
"8/02/2020 2:15:00 AM","0.88","1.78","3.31","0.77"
"8/02/2020 2:00:00 AM","0.69","1.78","3.41","0.83"
"8/02/2020 1:45:00 AM","0.91","1.94","3.00","0.83"
"8/02/2020 1:30:00 AM","0.78","1.69","3.31","0.95"
"8/02/2020 1:15:00 AM","0.84","1.78","3.13","0.84"
"8/02/2020 1:00:00 AM","0.84","1.78","3.25","0.86"
"8/02/2020 12:45:00 AM","0.72","1.84","3.06","0.84"
"8/02/2020 12:30:01 AM","0.84","1.84","3.09","0.95"
"8/02/2020 12:30:00 AM","0.84","1.84","3.09","1.00"
"8/02/2020 12:15:00 AM","0.78","1.81","2.97","1.00"
"8/02/2020 12:00:00 AM","1.06","1.88","3.19","0.88"
"7/02/2020 11:45:00 PM","1.31","1.72","3.00","0.86"
"7/02/2020 11:30:00 PM","0.88","1.88","3.19","0.84"
"7/02/2020 11:15:00 PM","1.25","1.72","3.13","0.84"
"7/02/2020 11:00:00 PM","1.09","1.94","3.31","0.83"
"7/02/2020 10:45:00 PM","1.19","1.69","3.16","0.81"
"7/02/2020 10:30:00 PM","1.16","1.81","3.53","1.39"
"7/02/2020 10:15:00 PM","1.13","1.94","3.84","1.94"
"7/02/2020 10:00:00 PM","1.09","1.78","4.03","2.00"
"7/02/2020 9:45:00 PM","1.13","1.78","3.78","1.94"
"7/02/2020 9:30:00 PM","1.13","2.00","3.97","1.95"
"7/02/2020 9:15:00 PM","1.13","2.00","4.16","1.94"
"7/02/2020 9:00:00 PM","1.16","1.88","4.59","2.02"
"7/02/2020 8:45:00 PM","1.28","1.91","4.41","2.02"
"7/02/2020 8:30:00 PM","1.34","1.81","4.94","2.11"
"7/02/2020 8:15:00 PM","1.47","2.00","4.84","2.42"
"7/02/2020 8:00:00 PM","1.38","1.97","5.31","2.55"
"7/02/2020 7:45:00 PM","1.19","1.91","5.25","2.70"
"7/02/2020 7:30:00 PM","1.34","1.97","5.66","3.08"
"7/02/2020 7:15:00 PM","1.75","1.94","6.28","3.52"
"7/02/2020 7:00:00 PM","1.66","1.84","6.50","3.53"
"7/02/2020 6:45:00 PM","1.84","2.06","6.00","3.13"
"7/02/2020 6:30:00 PM","1.97","3.25","5.00","2.42"
"7/02/2020 6:15:00 PM","2.34","3.50","4.66","1.63"
"7/02/2020 6:00:00 PM","1.97","3.47","4.94","3.42"
"7/02/2020 5:45:00 PM","2.22","4.06","6.13","3.73"
"7/02/2020 5:30:00 PM","3.41","5.50","7.34","4.06"
"7/02/2020 5:15:00 PM","3.75","5.47","7.47","3.88"
"7/02/2020 5:00:00 PM","3.56","6.22","8.13","3.91"
"7/02/2020 4:45:00 PM","4.28","6.47","7.78","3.95"
"7/02/2020 4:30:00 PM","5.00","6.78","7.97","3.98"
"7/02/2020 4:15:00 PM","4.97","6.09","8.25","3.88"
"7/02/2020 4:00:00 PM","5.34","6.28","8.13","4.22"
"7/02/2020 3:45:00 PM","5.69","6.63","8.28","4.11"
"7/02/2020 3:30:00 PM","5.66","6.63","8.03","4.27"
"7/02/2020 3:15:00 PM","5.34","5.88","8.13","4.06"
"7/02/2020 3:00:00 PM","5.03","5.66","8.19","4.02"
"7/02/2020 2:45:00 PM","5.06","5.47","8.25","4.09"
"7/02/2020 2:30:00 PM","5.19","5.31","7.94","4.03"
"7/02/2020 2:15:00 PM","4.31","5.06","7.63","4.11"
"7/02/2020 2:00:00 PM","4.44","5.31","7.97","3.94"
"7/02/2020 1:45:00 PM","4.84","5.59","7.75","4.06"
"7/02/2020 1:30:00 PM","4.56","5.22","7.59","4.02"
"7/02/2020 1:15:00 PM","4.00","5.38","7.38","4.16"
"7/02/2020 1:00:00 PM","4.00","4.97","7.25","4.13"
"7/02/2020 12:45:00 PM","3.84","4.78","7.59","4.00"
"7/02/2020 12:30:00 PM","4.16","4.09","7.84","4.06"
"7/02/2020 12:15:00 PM","4.72","4.06","7.31","3.97"
"7/02/2020 12:00:01 PM","4.81","3.91","7.84","4.13"
"7/02/2020 11:45:00 AM","4.94","3.91","8.09","4.11"
"7/02/2020 11:30:00 AM","4.97","3.59","7.53","4.16"
"7/02/2020 11:15:00 AM","5.09","3.91","7.59","4.13"
"7/02/2020 11:00:00 AM","4.84","4.03","7.31","4.03"
"7/02/2020 10:45:00 AM","2.44","3.91","7.13","3.98"
"7/02/2020 10:30:00 AM","2.63","4.13","7.13","4.03"
"7/02/2020 10:15:00 AM","3.03","4.03","6.72","4.03"
"7/02/2020 10:00:00 AM","2.69","3.34","6.91","4.08"
"7/02/2020 9:45:00 AM","2.56","3.44","7.03","4.08"
"7/02/2020 9:30:00 AM","2.84","3.66","7.28","3.98"
"7/02/2020 9:15:00 AM","2.81","3.63","6.94","4.00"
"7/02/2020 9:00:00 AM","2.22","3.69","6.47","3.88"
"7/02/2020 8:45:00 AM","2.13","3.16","6.19","3.88"
"7/02/2020 8:30:00 AM","2.28","3.38","6.38","4.02"
"7/02/2020 8:15:00 AM","2.56","3.41","6.44","3.95"
"7/02/2020 8:00:00 AM","2.34","3.25","6.59","3.86"
"7/02/2020 7:45:00 AM","2.47","3.13","6.63","3.70"
"7/02/2020 7:30:00 AM","3.19","3.13","7.16","3.47"
"7/02/2020 7:15:00 AM","3.25","3.06","7.09","2.88"
"7/02/2020 7:00:00 AM","3.25","3.16","7.53","2.92"
"7/02/2020 6:45:00 AM","1.56","2.94","7.28","3.02"
"7/02/2020 6:30:00 AM","1.81","2.53","6.19","3.00"
"7/02/2020 6:15:00 AM","1.44","2.56","5.22","3.00"
"7/02/2020 6:00:00 AM","3.84","2.47","5.94","3.03"
"7/02/2020 5:45:00 AM","3.63","2.22","5.84","2.67"
"7/02/2020 5:30:00 AM","2.13","2.41","5.13","2.23"
"7/02/2020 5:15:00 AM","1.28","2.69","5.53","2.17"
"7/02/2020 5:00:00 AM","1.50","3.66","5.47","1.92"
"7/02/2020 4:45:00 AM","2.41","4.84","5.22","2.03"
"7/02/2020 4:30:00 AM","2.53","4.63","4.34","2.41"
"7/02/2020 4:15:00 AM","1.88","3.81","4.13","2.89"
"7/02/2020 4:00:00 AM","1.97","2.59","3.91","2.67"
"7/02/2020 3:45:00 AM","1.53","1.31","3.72","1.64"
"7/02/2020 3:30:00 AM","1.38","1.22","3.50","0.91"
"7/02/2020 3:15:00 AM","0.81","1.03","3.44","0.81"
"7/02/2020 3:00:00 AM","0.97","1.19","3.41","0.83"
"7/02/2020 2:45:00 AM","0.66","1.00","3.34","1.05"
"7/02/2020 2:30:00 AM","0.91","1.19","3.53","1.13"
"7/02/2020 2:15:00 AM","0.72","0.97","3.72","0.84"
"7/02/2020 2:00:00 AM","0.97","1.13","3.72","0.86"
"7/02/2020 1:45:00 AM","0.66","1.13","3.81","0.88"
"7/02/2020 1:30:00 AM","0.78","1.09","3.84","0.81"
"7/02/2020 1:15:00 AM","0.75","0.97","4.00","0.83"
"7/02/2020 1:00:00 AM","1.09","1.13","3.94","0.81"
"7/02/2020 12:45:00 AM","0.81","1.06","4.31","1.23"
"7/02/2020 12:30:00 AM","1.13","1.09","4.09","1.67"
"7/02/2020 12:15:00 AM","1.13","1.19","4.03","1.78"
"7/02/2020 12:00:00 AM","1.13","1.22","4.34","1.72"
"6/02/2020 11:45:00 PM","1.13","1.03","4.47","1.83"
"6/02/2020 11:30:01 PM","1.03","1.03","4.47","1.80"
"6/02/2020 11:30:00 PM","1.25","1.16","4.53","1.80"
"6/02/2020 11:15:00 PM","1.25","1.16","4.53","1.94"
"6/02/2020 11:00:00 PM","1.03","1.13","4.50","1.88"
"6/02/2020 10:45:00 PM","1.47","1.16","4.50","1.42"
"6/02/2020 10:30:00 PM","1.00","1.09","4.63","1.41"
"6/02/2020 10:15:00 PM","1.13","1.09","4.78","1.80"
"6/02/2020 10:00:00 PM","1.09","1.13","4.91","1.88"
"6/02/2020 9:45:00 PM","1.22","1.06","4.91","1.89"
"6/02/2020 9:30:00 PM","1.03","1.16","5.09","2.00"
"6/02/2020 9:15:00 PM","1.25","1.22","5.03","2.09"
"6/02/2020 9:00:00 PM","1.41","1.06","4.88","2.17"
"6/02/2020 8:45:00 PM","1.22","1.19","5.03","2.22"
"6/02/2020 8:30:00 PM","1.53","1.22","4.97","1.70"
"6/02/2020 8:15:00 PM","1.31","1.19","5.50","2.20"
"6/02/2020 8:00:00 PM","1.44","1.16","5.28","2.25"
"6/02/2020 7:45:00 PM","1.06","1.25","5.28","2.31"
"6/02/2020 7:30:00 PM","1.69","1.25","5.53","2.48"
"6/02/2020 7:15:00 PM","1.97","1.41","5.81","2.69"
"6/02/2020 7:00:00 PM","1.78","1.94","6.44","2.78"
"6/02/2020 6:45:00 PM","2.22","1.94","5.97","2.88"
"6/02/2020 6:30:00 PM","2.47","2.19","5.66","2.50"
"6/02/2020 6:15:00 PM","2.44","2.25","5.50","1.55"
"6/02/2020 6:00:00 PM","1.63","2.03","5.78","3.22"
"6/02/2020 5:45:00 PM","3.09","3.00","6.53","3.50"
"6/02/2020 5:30:00 PM","4.31","3.66","8.34","3.78"
"6/02/2020 5:15:00 PM","4.41","4.22","8.31","3.86"
"6/02/2020 5:00:00 PM","4.59","4.88","8.66","3.83"
"6/02/2020 4:45:00 PM","4.59","5.09","8.47","3.77"
"6/02/2020 4:30:00 PM","4.81","5.16","8.63","3.75"
"6/02/2020 4:15:00 PM","5.19","4.81","8.75","3.70"
"6/02/2020 4:00:00 PM","5.81","4.50","8.31","3.72"
"6/02/2020 3:45:00 PM","5.50","4.56","8.41","3.59"
"6/02/2020 3:30:00 PM","5.53","4.44","8.13","3.91"
"6/02/2020 3:15:00 PM","4.97","4.38","7.88","3.50"
"6/02/2020 3:00:00 PM","3.97","4.25","8.22","3.70"
"6/02/2020 2:45:00 PM","4.13","4.13","8.41","3.61"
"6/02/2020 2:30:00 PM","4.75","4.00","8.16","3.73"
"6/02/2020 2:15:00 PM","4.84","4.09","8.06","3.67"
"6/02/2020 2:00:00 PM","4.72","3.66","8.00","3.72"
"6/02/2020 1:45:00 PM","4.75","3.69","8.16","3.69"
"6/02/2020 1:30:00 PM","4.19","3.97","7.81","3.59"
"6/02/2020 1:15:00 PM","4.06","3.47","7.78","3.66"
"6/02/2020 1:00:00 PM","3.97","3.38","7.56","3.89"
"6/02/2020 12:45:00 PM","3.94","3.53","8.00","3.69"
"6/02/2020 12:30:00 PM","4.03","3.38","8.28","3.75"
"6/02/2020 12:15:00 PM","4.22","3.38","8.44","3.73"
"6/02/2020 12:00:00 PM","3.28","3.34","8.53","3.63"
"6/02/2020 11:45:00 AM","3.00","3.28","8.41","3.64"
"6/02/2020 11:30:00 AM","3.00","3.00","8.25","3.66"
"6/02/2020 11:15:00 AM","2.47","3.09","8.09","3.70"
"6/02/2020 11:00:01 AM","2.38","3.31","8.03","3.69"
"6/02/2020 11:00:00 AM","2.41","3.19","7.78","3.69"
"6/02/2020 10:45:00 AM","2.41","3.19","7.78","3.72"
"6/02/2020 10:30:00 AM","2.59","3.16","7.75","3.61"
"6/02/2020 10:15:00 AM","1.56","3.09","7.72","3.64"
"6/02/2020 10:00:00 AM","1.31","3.19","7.16","3.59"
"6/02/2020 9:45:00 AM","1.50","3.06","7.31","3.63"
"6/02/2020 9:30:00 AM","1.22","3.13","7.47","3.58"
"6/02/2020 9:15:00 AM","1.78","2.91","7.41","3.55"
"6/02/2020 9:00:00 AM","1.81","3.06","7.09","3.55"
"6/02/2020 8:45:00 AM","1.84","2.84","7.16","3.52"
"6/02/2020 8:30:00 AM","1.44","2.59","6.91","3.34"
"6/02/2020 8:15:00 AM","1.50","2.72","6.34","3.50"
"6/02/2020 8:00:00 AM","1.88","2.78","6.59","3.53"
"6/02/2020 7:45:00 AM","2.44","2.56","6.41","3.59"
"6/02/2020 7:30:00 AM","2.44","2.63","6.38","3.16"
"6/02/2020 7:15:00 AM","2.97","2.56","6.84","2.70"
"6/02/2020 7:00:00 AM","4.03","2.56","7.19","2.80"
"6/02/2020 6:45:00 AM","4.25","2.53","8.72","2.67"
"6/02/2020 6:30:00 AM","3.94","2.47","8.88","2.44"
"6/02/2020 6:15:00 AM","2.75","2.50","6.91","2.75"
"6/02/2020 6:00:00 AM","2.81","1.91","5.59","2.97"
"6/02/2020 5:45:00 AM","2.78","1.97","5.31","2.75"
"6/02/2020 5:30:00 AM","2.53","2.38","4.94","2.42"
"6/02/2020 5:15:00 AM","2.13","2.91","4.97","2.27"
"6/02/2020 5:00:00 AM","3.44","2.84","4.97","2.23"
"6/02/2020 4:45:00 AM","3.41","3.47","5.41","2.16"
"6/02/2020 4:30:00 AM","2.50","4.66","5.78","2.66"
"6/02/2020 4:15:00 AM","1.66","4.38","5.06","2.86"
"6/02/2020 4:00:00 AM","1.38","2.66","4.19","2.59"
"6/02/2020 3:45:00 AM","1.56","1.25","3.63","1.52"
"6/02/2020 3:30:00 AM","0.97","1.16","3.44","0.94"
"6/02/2020 3:15:00 AM","0.72","1.00","3.44","0.77"
"6/02/2020 3:00:00 AM","0.81","0.91","3.47","0.80"
"6/02/2020 2:45:00 AM","0.69","1.03","3.34","0.77"
"6/02/2020 2:30:00 AM","0.66","1.00","3.25","0.78"
"6/02/2020 2:15:00 AM","0.69","0.97","3.53","0.89"
"6/02/2020 2:00:00 AM","0.84","0.84","3.38","0.86"
"6/02/2020 1:45:00 AM","0.59","1.09","3.44","0.67"
"6/02/2020 1:30:00 AM","0.72","0.97","3.56","0.70"
"6/02/2020 1:15:00 AM","0.72","0.91","3.41","0.53"
"6/02/2020 1:00:00 AM","0.72","0.94","3.38","0.75"
"6/02/2020 12:45:00 AM","0.72","0.97","3.72","0.81"
"6/02/2020 12:30:00 AM","0.75","1.03","3.69","1.39"
"6/02/2020 12:15:00 AM","0.75","0.94","3.81","1.63"
"6/02/2020 12:00:00 AM","0.91","0.97","3.84","1.84"
"5/02/2020 11:45:00 PM","1.00","0.91","3.50","1.86"
"5/02/2020 11:30:00 PM","1.16","0.97","3.69","1.86"
"5/02/2020 11:15:00 PM","1.13","0.84","3.59","1.80"
"5/02/2020 11:00:00 PM","0.88","1.09","3.41","1.92"
"5/02/2020 10:45:00 PM","1.00","1.00","3.63","2.00"
"5/02/2020 10:30:00 PM","1.09","1.03","3.56","1.83"
"5/02/2020 10:15:00 PM","1.09","0.97","3.50","1.98"
"5/02/2020 10:00:00 PM","1.00","1.00","3.56","2.08"
"5/02/2020 9:45:00 PM","0.94","1.19","3.63","1.69"
"5/02/2020 9:30:00 PM","1.13","1.16","3.59","1.80"
"5/02/2020 9:15:00 PM","1.00","1.09","3.59","1.70"
"5/02/2020 9:00:00 PM","1.03","1.06","3.66","1.77"
"5/02/2020 8:45:00 PM","1.09","1.22","3.44","1.73"
"5/02/2020 8:30:00 PM","1.09","1.25","3.53","1.73"
"5/02/2020 8:15:00 PM","0.97","1.13","3.88","1.77"
"5/02/2020 8:00:00 PM","0.97","1.50","3.56","1.80"
"5/02/2020 7:45:00 PM","1.09","1.59","3.75","1.70"
"5/02/2020 7:30:00 PM","1.31","1.50","4.31","1.59"
"5/02/2020 7:15:00 PM","1.50","1.53","4.91","1.70"
"5/02/2020 7:00:00 PM","1.38","2.22","4.75","1.88"
"5/02/2020 6:45:00 PM","1.63","2.03","5.25","1.98"
"5/02/2020 6:30:00 PM","1.63","2.19","5.31","1.84"
"5/02/2020 6:15:00 PM","1.59","2.50","4.84","1.47"
"5/02/2020 6:00:00 PM","1.44","2.50","5.66","3.42"
"5/02/2020 5:45:00 PM","1.78","3.88","6.44","3.69"
"5/02/2020 5:30:00 PM","2.69","4.97","7.94","3.97"
"5/02/2020 5:15:00 PM","2.66","5.22","8.16","4.02"
"5/02/2020 5:00:00 PM","2.78","5.31","8.13","4.16"
"5/02/2020 4:45:00 PM","2.59","5.63","8.31","4.20"
"5/02/2020 4:30:00 PM","2.69","5.50","8.03","4.20"
"5/02/2020 4:15:00 PM","2.69","5.88","8.16","4.25"
"5/02/2020 4:00:00 PM","2.53","6.28","8.03","4.19"
"5/02/2020 3:45:00 PM","2.50","6.75","7.66","3.91"
"5/02/2020 3:30:00 PM","2.59","5.91","7.66","3.89"
"5/02/2020 3:15:00 PM","2.56","5.72","7.66","3.94"
"5/02/2020 3:00:00 PM","2.38","5.81","7.66","4.09"
"5/02/2020 2:45:00 PM","2.28","5.94","7.44","4.02"
"5/02/2020 2:30:00 PM","2.16","6.06","7.59","3.97"
"5/02/2020 2:15:00 PM","2.75","5.59","7.34","3.95"
"5/02/2020 2:00:00 PM","3.06","5.53","7.25","3.88"
"5/02/2020 1:45:00 PM","2.63","5.44","7.47","3.78"
"5/02/2020 1:30:00 PM","1.78","5.38","7.19","3.67"
"5/02/2020 1:15:00 PM","1.88","5.31","6.97","3.80"
"5/02/2020 1:00:00 PM","1.81","5.44","7.00","3.80"
"5/02/2020 12:45:00 PM","2.06","5.50","7.31","3.75"
"5/02/2020 12:30:00 PM","2.13","5.41","7.59","3.66"
"5/02/2020 12:15:00 PM","1.84","5.63","7.88","3.86"
"5/02/2020 12:00:00 PM","2.13","5.81","7.69","3.92"
"5/02/2020 11:45:00 AM","2.31","5.56","7.75","3.92"
"5/02/2020 11:30:00 AM","2.25","5.53","7.66","3.92"
"5/02/2020 11:15:00 AM","2.25","5.50","7.78","3.58"
"5/02/2020 11:00:00 AM","2.16","5.41","7.53","3.69"
"5/02/2020 10:45:00 AM","1.88","4.88","7.47","3.56"
"5/02/2020 10:30:00 AM","1.75","4.84","7.06","3.22"
"5/02/2020 10:15:00 AM","2.06","5.06","7.13","3.33"
"5/02/2020 10:00:00 AM","3.03","5.13","7.13","3.31"
"5/02/2020 9:45:00 AM","2.72","4.97","7.13","3.42"
"5/02/2020 9:30:00 AM","2.47","4.72","6.97","3.42"
"5/02/2020 9:15:00 AM","2.16","4.53","7.22","3.27"
"5/02/2020 9:00:00 AM","2.47","4.09","7.06","3.28"
"5/02/2020 8:45:00 AM","2.50","3.97","6.88","3.30"
"5/02/2020 8:30:00 AM","2.44","3.84","6.91","3.17"
"5/02/2020 8:15:00 AM","2.63","3.78","6.88","3.17"
"5/02/2020 8:00:00 AM","2.69","3.56","6.84","3.13"
"5/02/2020 7:45:00 AM","2.69","3.03","6.25","3.00"
"5/02/2020 7:30:00 AM","3.06","2.84","6.16","2.45"
"5/02/2020 7:15:00 AM","3.53","2.78","6.91","1.98"
"5/02/2020 7:00:00 AM","3.91","2.81","7.03","2.17"
"5/02/2020 6:45:00 AM","3.34","2.88","7.09","2.16"
"5/02/2020 6:30:00 AM","2.25","2.75","6.34","2.30"
"5/02/2020 6:15:00 AM","2.38","2.59","5.59","2.28"
"5/02/2020 6:00:00 AM","3.38","2.03","5.34","2.14"
"5/02/2020 5:45:00 AM","3.03","1.44","5.25","2.30"
"5/02/2020 5:30:00 AM","3.13","1.25","5.25","2.41"
"5/02/2020 5:15:00 AM","2.88","2.06","5.69","2.11"
"5/02/2020 5:00:00 AM","3.31","3.13","6.00","2.09"
"5/02/2020 4:45:00 AM","2.53","3.63","5.75","2.14"
"5/02/2020 4:30:00 AM","2.13","4.06","5.00","2.52"
"5/02/2020 4:15:00 AM","1.47","3.91","4.28","3.25"
"5/02/2020 4:00:00 AM","1.47","2.78","3.75","2.50"
"5/02/2020 3:45:00 AM","1.44","1.09","3.34","1.33"
"5/02/2020 3:30:00 AM","1.16","1.09","3.50","0.94"
"5/02/2020 3:15:00 AM","0.69","0.94","3.38","0.73"
"5/02/2020 3:00:00 AM","0.69","1.06","3.34","0.70"
"5/02/2020 2:45:00 AM","0.56","0.94","3.31","0.83"
"5/02/2020 2:30:00 AM","0.78","0.88","3.47","0.52"
"5/02/2020 2:15:00 AM","0.69","0.97","3.25","0.78"
"5/02/2020 2:00:00 AM","0.78","1.03","3.44","0.80"
"5/02/2020 1:45:00 AM","0.69","0.94","3.53","0.88"
"5/02/2020 1:30:00 AM","0.59","0.91","3.31","0.73"
"5/02/2020 1:15:00 AM","0.63","1.06","3.41","0.78"
"5/02/2020 1:00:00 AM","0.72","1.06","3.53","0.70"
"5/02/2020 12:45:00 AM","0.75","0.94","3.44","0.56"
"5/02/2020 12:30:00 AM","0.69","1.00","3.47","1.38"
"5/02/2020 12:15:00 AM","0.66","0.97","3.56","1.56"
"5/02/2020 12:00:00 AM","0.81","0.97","3.59","1.56"
"4/02/2020 11:45:00 PM","1.00","0.94","3.59","1.58"
"4/02/2020 11:30:00 PM","1.03","0.97","3.59","1.52"
"4/02/2020 11:15:00 PM","1.09","1.00","3.41","1.33"
"4/02/2020 11:00:00 PM","1.00","1.03","3.50","1.59"
"4/02/2020 10:45:00 PM","1.56","0.97","3.63","1.58"
"4/02/2020 10:30:00 PM","1.91","1.03","3.38","1.44"
"4/02/2020 10:15:00 PM","1.50","1.03","3.88","1.39"
"4/02/2020 10:00:00 PM","1.09","1.06","3.84","1.55"
"4/02/2020 9:45:00 PM","0.97","1.19","3.63","1.55"
"4/02/2020 9:30:00 PM","1.03","1.22","3.84","1.55"
"4/02/2020 9:15:00 PM","1.03","1.09","3.69","1.55"
"4/02/2020 9:00:00 PM","1.09","1.53","3.66","1.64"
"4/02/2020 8:45:00 PM","1.00","1.84","4.00","1.72"
"4/02/2020 8:30:00 PM","1.09","1.75","3.72","1.44"
"4/02/2020 8:15:00 PM","1.25","1.97","3.81","1.77"
"4/02/2020 8:00:00 PM","1.28","1.75","3.91","1.75"
"4/02/2020 7:45:00 PM","1.41","1.69","3.78","1.75"
"4/02/2020 7:30:00 PM","1.63","1.63","3.84","1.69"
"4/02/2020 7:15:00 PM","1.78","1.88","4.34","1.73"
"4/02/2020 7:00:00 PM","2.19","2.53","4.59","1.78"
"4/02/2020 6:45:00 PM","2.31","2.41","5.41","1.86"
"4/02/2020 6:30:00 PM","2.41","2.66","5.44","1.75"
"4/02/2020 6:15:00 PM","1.97","2.53","4.91","1.55"
"4/02/2020 6:00:00 PM","1.72","2.63","5.09","3.63"
"4/02/2020 5:45:00 PM","2.09","3.63","6.09","3.48"
"4/02/2020 5:30:00 PM","3.41","4.63","7.69","3.69"
"4/02/2020 5:15:00 PM","3.63","4.59","7.09","3.77"
"4/02/2020 5:00:00 PM","3.63","4.56","6.91","4.03"
"4/02/2020 4:45:00 PM","3.75","4.81","6.94","3.97"
"4/02/2020 4:30:00 PM","3.66","4.75","6.88","3.98"
"4/02/2020 4:15:00 PM","3.78","4.84","7.22","4.05"
"4/02/2020 4:00:00 PM","3.59","5.16","7.56","4.09"
"4/02/2020 3:45:00 PM","3.47","4.84","7.53","4.11"
"4/02/2020 3:30:00 PM","3.38","4.91","7.28","4.00"
"4/02/2020 3:15:00 PM","4.38","5.13","7.25","3.97"
"4/02/2020 3:00:00 PM","4.56","4.91","7.41","4.00"
"4/02/2020 2:45:00 PM","3.28","4.34","7.00","4.00"
"4/02/2020 2:30:00 PM","3.00","4.25","6.84","3.80"
"4/02/2020 2:15:00 PM","2.81","4.28","6.97","3.75"
"4/02/2020 2:00:00 PM","3.16","4.66","6.88","3.81"
"4/02/2020 1:45:00 PM","3.25","5.22","6.97","3.92"
"4/02/2020 1:30:00 PM","3.28","5.34","7.00","3.91"
"4/02/2020 1:15:00 PM","3.25","5.38","6.81","3.83"
"4/02/2020 1:00:00 PM","3.19","5.16","6.44","3.73"
"4/02/2020 12:45:00 PM","3.09","5.13","7.69","3.70"
"4/02/2020 12:30:00 PM","3.81","4.94","7.88","3.53"
"4/02/2020 12:15:00 PM","2.84","4.88","7.72","3.61"
"4/02/2020 12:00:00 PM","3.00","4.97","7.84","3.72"
"4/02/2020 11:45:00 AM","3.22","4.88","7.81","3.69"
"4/02/2020 11:30:00 AM","3.19","4.66","7.78","3.45"
"4/02/2020 11:15:00 AM","3.78","4.84","7.78","3.67"
"4/02/2020 11:00:00 AM","3.72","4.88","7.22","3.78"
"4/02/2020 10:45:00 AM","2.56","4.81","7.25","3.72"
"4/02/2020 10:30:00 AM","3.63","4.84","7.47","3.58"
"4/02/2020 10:15:00 AM","4.06","5.03","7.63","3.34"
"4/02/2020 10:00:00 AM","3.03","4.59","7.38","3.28"
"4/02/2020 9:45:00 AM","3.16","4.47","7.25","3.41"
"4/02/2020 9:30:00 AM","3.50","4.09","6.97","3.53"
"4/02/2020 9:15:00 AM","3.38","3.75","6.84","3.56"
"4/02/2020 9:00:00 AM","3.25","3.66","7.03","3.41"
"4/02/2020 8:45:00 AM","3.69","3.53","7.69","3.19"
"4/02/2020 8:30:00 AM","4.00","3.25","7.66","2.98"
"4/02/2020 8:15:00 AM","3.44","3.31","7.19","3.00"
"4/02/2020 8:00:00 AM","2.91","3.06","6.91","3.11"
"4/02/2020 7:45:00 AM","2.66","2.88","6.47","3.20"
"4/02/2020 7:30:00 AM","2.47","2.72","6.53","2.83"
"4/02/2020 7:15:00 AM","3.47","2.72","6.44","2.11"
"4/02/2020 7:00:00 AM","3.84","2.69","6.97","1.95"
"4/02/2020 6:45:00 AM","3.59","2.69","7.06","2.27"
"4/02/2020 6:30:00 AM","2.88","2.78","6.53","2.36"
"4/02/2020 6:15:00 AM","3.41","3.13","6.41","2.53"
"4/02/2020 6:00:00 AM","4.03","3.06","6.44","2.80"
"4/02/2020 5:45:00 AM","3.53","1.97","6.06","2.53"
"4/02/2020 5:30:00 AM","2.41","2.59","5.72","2.36"
"4/02/2020 5:15:00 AM","1.34","3.47","5.31","2.38"
"4/02/2020 5:00:00 AM","1.34","2.75","4.78","2.25"
"4/02/2020 4:45:00 AM","2.31","3.22","4.78","2.30"
"4/02/2020 4:30:00 AM","2.69","4.00","5.09","2.42"
"4/02/2020 4:15:00 AM","2.28","4.41","4.75","3.11"
"4/02/2020 4:00:00 AM","1.69","2.91","4.06","2.42"
"4/02/2020 3:45:00 AM","1.44","1.28","3.66","1.11"
"4/02/2020 3:30:00 AM","1.03","1.06","3.47","0.80"
"4/02/2020 3:15:00 AM","0.84","0.97","3.50","0.58"
"4/02/2020 3:00:00 AM","0.66","0.94","3.56","0.81"
"4/02/2020 2:45:00 AM","0.78","1.00","3.38","0.81"
"4/02/2020 2:30:00 AM","0.66","1.00","3.50","0.94"
"4/02/2020 2:15:00 AM","0.53","1.06","3.59","0.75"
"4/02/2020 2:00:00 AM","0.75","0.84","3.38","0.77"
"4/02/2020 1:45:00 AM","0.78","0.94","3.63","0.78"
"4/02/2020 1:30:00 AM","0.56","0.94","3.50","0.78"
"4/02/2020 1:15:00 AM","0.72","0.94","3.50","0.78"
"4/02/2020 1:00:00 AM","0.63","0.94","3.63","1.48"
"4/02/2020 12:45:00 AM","0.72","0.84","3.56","1.61"
"4/02/2020 12:30:00 AM","0.78","1.00","3.66","1.56"
"4/02/2020 12:15:00 AM","0.53","0.94","3.69","1.47"
"4/02/2020 12:00:00 AM","0.91","0.91","3.72","1.36"
"3/02/2020 11:45:00 PM","1.09","1.03","3.75","1.58"
"3/02/2020 11:30:00 PM","1.00","1.00","3.72","1.75"
"3/02/2020 11:15:00 PM","1.16","1.22","3.56","1.38"
"3/02/2020 11:00:00 PM","1.28","0.94","3.66","0.86"
"3/02/2020 10:45:00 PM","1.53","1.22","3.63","0.88"
"3/02/2020 10:30:00 PM","1.47","1.34","4.22","1.39"
"3/02/2020 10:15:00 PM","1.66","1.34","4.34","1.77"
"3/02/2020 10:00:00 PM","2.63","1.59","3.69","1.67"
"3/02/2020 9:45:00 PM","2.81","1.69","3.63","1.59"
"3/02/2020 9:30:00 PM","2.50","1.56","3.66","1.64"
"3/02/2020 9:15:00 PM","2.28","1.94","3.66","1.75"
"3/02/2020 9:00:00 PM","2.44","1.81","3.59","1.73"
"3/02/2020 8:45:00 PM","2.53","1.88","3.75","1.64"
"3/02/2020 8:30:00 PM","2.53","2.13","3.69","1.55"
"3/02/2020 8:15:00 PM","2.47","1.78","3.78","1.69"
"3/02/2020 8:00:00 PM","3.09","1.72","3.88","1.70"
"3/02/2020 7:45:00 PM","3.22","1.88","3.84","1.80"
"3/02/2020 7:30:00 PM","2.88","1.66","4.03","1.67"
"3/02/2020 7:15:00 PM","2.88","1.88","4.47","1.63"
"3/02/2020 7:00:00 PM","2.94","2.75","4.34","1.72"
"3/02/2020 6:45:00 PM","3.13","3.16","4.66","1.88"
"3/02/2020 6:30:00 PM","2.97","2.94","4.31","1.64"
"3/02/2020 6:15:00 PM","2.97","2.72","3.94","1.42"
"3/02/2020 6:00:00 PM","2.56","2.75","4.59","3.06"
"3/02/2020 5:45:00 PM","2.66","3.22","5.38","3.06"
"3/02/2020 5:30:00 PM","4.50","4.19","6.72","3.33"
"3/02/2020 5:15:00 PM","5.13","4.50","7.38","3.31"
"3/02/2020 5:00:00 PM","5.63","4.47","7.31","3.36"
"3/02/2020 4:45:00 PM","5.56","4.63","7.50","3.41"
"3/02/2020 4:30:00 PM","5.78","5.03","7.50","3.31"
"3/02/2020 4:15:00 PM","5.34","5.09","7.19","3.27"
"3/02/2020 4:00:00 PM","5.38","4.88","7.44","3.30"
"3/02/2020 3:45:00 PM","5.38","4.84","7.41","3.36"
"3/02/2020 3:30:00 PM","5.47","4.78","7.41","3.34"
"3/02/2020 3:15:00 PM","5.75","4.56","7.34","3.42"
"3/02/2020 3:00:00 PM","5.38","4.59","7.28","3.47"
"3/02/2020 2:45:00 PM","5.31","4.53","6.97","3.16"
"3/02/2020 2:30:00 PM","5.06","5.16","6.88","3.20"
"3/02/2020 2:15:00 PM","5.19","5.59","7.22","3.31"
"3/02/2020 2:00:00 PM","4.91","5.72","7.28","3.50"
"3/02/2020 1:45:00 PM","5.06","5.41","7.03","3.48"
"3/02/2020 1:30:00 PM","4.69","5.16","7.25","3.50"
"3/02/2020 1:15:00 PM","4.13","5.16","7.31","3.44"
"3/02/2020 1:00:00 PM","4.03","5.19","6.97","3.53"
"3/02/2020 12:45:00 PM","3.97","5.22","7.50","3.63"
"3/02/2020 12:30:00 PM","4.66","5.34","7.78","3.58"
"3/02/2020 12:15:00 PM","5.19","5.38","7.34","3.48"
"3/02/2020 12:00:00 PM","5.00","5.16","7.75","3.48"
"3/02/2020 11:45:00 AM","5.06","4.88","7.88","3.66"
"3/02/2020 11:30:00 AM","5.06","4.69","7.59","3.34"
"3/02/2020 11:15:00 AM","5.31","4.28","7.69","3.45"
"3/02/2020 11:00:00 AM","5.81","4.44","7.63","3.59"
"3/02/2020 10:45:00 AM","5.72","4.19","7.50","3.50"
"3/02/2020 10:30:00 AM","5.44","4.31","7.97","3.53"
"3/02/2020 10:15:00 AM","5.56","4.16","7.66","3.56"
"3/02/2020 10:00:00 AM","4.19","4.44","7.19","3.78"
"3/02/2020 9:45:00 AM","4.13","4.56","7.13","3.73"
"3/02/2020 9:30:00 AM","4.06","4.28","6.34","3.64"
"3/02/2020 9:15:00 AM","3.78","4.19","6.06","3.38"
"3/02/2020 9:00:00 AM","3.88","3.94","6.16","3.42"
"3/02/2020 8:45:00 AM","4.22","4.03","6.22","3.31"
"3/02/2020 8:30:00 AM","3.59","3.97","6.06","3.20"
"3/02/2020 8:15:00 AM","3.34","3.59","5.88","3.19"
"3/02/2020 8:00:00 AM","2.81","4.00","6.19","3.03"
"3/02/2020 7:45:00 AM","2.50","3.75","6.22","3.05"
"3/02/2020 7:30:00 AM","2.88","3.38","6.31","2.77"
"3/02/2020 7:15:00 AM","3.63","2.97","7.00","1.98"
"3/02/2020 7:00:00 AM","4.31","3.03","7.56","2.05"
"3/02/2020 6:45:00 AM","3.47","2.84","6.94","2.13"
"3/02/2020 6:30:00 AM","2.50","2.56","6.06","2.13"
"3/02/2020 6:15:00 AM","1.94","2.78","5.78","1.95"
"3/02/2020 6:00:00 AM","2.00","1.75","5.50","2.23"
"3/02/2020 5:45:00 AM","2.53","1.53","5.13","2.39"
"3/02/2020 5:30:00 AM","2.44","1.72","4.38","2.45"
"3/02/2020 5:15:00 AM","3.19","2.63","4.50","2.30"
"3/02/2020 5:00:00 AM","2.91","3.16","5.63","2.02"
"3/02/2020 4:45:00 AM","2.19","3.50","5.63","1.75"
"3/02/2020 4:30:00 AM","2.75","5.69","5.19","2.02"
"3/02/2020 4:15:00 AM","2.66","5.25","4.34","3.03"
"3/02/2020 4:00:00 AM","1.59","2.63","3.88","2.77"
"3/02/2020 3:45:00 AM","1.28","1.38","3.66","1.66"
"3/02/2020 3:30:00 AM","1.22","1.16","3.38","0.95"
"3/02/2020 3:15:00 AM","1.09","1.03","3.22","0.81"
"3/02/2020 3:00:00 AM","0.78","0.94","3.38","0.77"
"3/02/2020 2:45:00 AM","1.00","1.06","3.13","0.78"
"3/02/2020 2:30:00 AM","0.56","0.97","3.44","0.80"
"3/02/2020 2:15:00 AM","0.72","1.09","3.28","0.88"
"3/02/2020 2:00:00 AM","0.78","0.97","3.28","1.41"
"3/02/2020 1:45:00 AM","0.69","0.97","3.25","1.39"
"3/02/2020 1:30:00 AM","0.81","1.03","3.44","1.39"
"3/02/2020 1:15:00 AM","0.75","1.09","3.38","1.23"
"3/02/2020 1:00:00 AM","0.75","1.03","3.34","0.84"
"3/02/2020 12:45:00 AM","0.75","0.94","3.19","0.80"
"3/02/2020 12:30:00 AM","0.72","1.00","3.22","0.81"
"3/02/2020 12:15:00 AM","0.84","1.13","3.31","0.80"
"3/02/2020 12:00:00 AM","0.97","1.00","3.47","0.98"
"2/02/2020 11:45:00 PM","1.00","1.06","3.44","1.56"
"2/02/2020 11:30:00 PM","1.16","1.03","3.34","1.52"
"2/02/2020 11:15:00 PM","1.13","1.00","3.44","1.72"
"2/02/2020 11:00:00 PM","1.22","1.16","3.38","1.69"
"2/02/2020 10:45:00 PM","0.94","0.97","3.44","1.66"
"2/02/2020 10:30:00 PM","1.25","1.19","3.34","1.56"
"2/02/2020 10:15:00 PM","1.03","1.19","3.53","1.55"
"2/02/2020 10:00:00 PM","1.06","1.00","3.28","1.45"
"2/02/2020 9:45:00 PM","1.25","1.06","3.59","1.45"
"2/02/2020 9:30:00 PM","1.00","1.00","3.47","1.72"
"2/02/2020 9:15:00 PM","1.25","1.06","3.34","1.66"
"2/02/2020 9:00:00 PM","0.97","1.03","3.34","1.72"
"2/02/2020 8:45:00 PM","1.16","1.09","3.59","1.67"
"2/02/2020 8:30:00 PM","1.16","1.13","3.47","1.66"
"2/02/2020 8:15:00 PM","1.09","1.16","3.63","1.67"
"2/02/2020 8:00:00 PM","1.09","1.28","3.69","1.69"
"2/02/2020 7:45:00 PM","1.09","1.13","3.94","1.53"
"2/02/2020 7:30:00 PM","1.03","1.00","3.97","1.75"
"2/02/2020 7:15:00 PM","1.31","1.00","4.13","1.75"
"2/02/2020 7:00:00 PM","1.00","1.06","4.25","1.92"
"2/02/2020 6:45:00 PM","1.06","1.13","4.44","2.00"
"2/02/2020 6:30:00 PM","1.34","1.06","4.56","2.11"
"2/02/2020 6:15:00 PM","1.38","1.16","4.75","2.25"
"2/02/2020 6:00:00 PM","1.44","1.09","4.84","2.36"
"2/02/2020 5:45:00 PM","1.56","1.22","4.69","2.03"
"2/02/2020 5:30:00 PM","1.53","1.34","4.88","1.94"
"2/02/2020 5:15:00 PM","1.63","1.22","4.56","1.73"
"2/02/2020 5:00:00 PM","1.63","1.22","4.44","1.88"
"2/02/2020 4:45:00 PM","1.56","1.38","4.72","1.91"
"2/02/2020 4:30:00 PM","1.41","1.53","4.78","2.09"
"2/02/2020 4:15:00 PM","1.41","1.69","5.31","2.25"
"2/02/2020 4:00:00 PM","1.56","1.63","5.50","2.31"
"2/02/2020 3:45:00 PM","1.28","1.56","5.25","2.09"
"2/02/2020 3:30:00 PM","1.41","1.69","5.47","2.13"
"2/02/2020 3:15:00 PM","1.44","1.44","5.28","2.42"
"2/02/2020 3:00:00 PM","1.47","1.38","5.16","2.41"
"2/02/2020 2:45:00 PM","1.47","1.41","5.22","2.52"
"2/02/2020 2:30:00 PM","1.47","1.44","5.28","2.53"
"2/02/2020 2:15:00 PM","1.44","1.50","4.84","2.33"
"2/02/2020 2:00:00 PM","1.22","1.25","4.69","2.41"
"2/02/2020 1:45:00 PM","1.25","1.28","4.75","2.41"
"2/02/2020 1:30:00 PM","1.50","1.31","4.56","1.98"
"2/02/2020 1:15:00 PM","1.31","1.25","4.81","2.08"
"2/02/2020 1:00:00 PM","1.06","1.38","4.41","2.02"
"2/02/2020 12:45:00 PM","1.25","1.28","4.47","2.02"
"2/02/2020 12:30:00 PM","1.22","1.31","4.84","2.13"
"2/02/2020 12:15:00 PM","1.28","1.28","5.00","2.31"
"2/02/2020 12:00:00 PM","1.13","1.38","5.00","2.39"
"2/02/2020 11:45:00 AM","1.16","1.50","5.13","2.39"
"2/02/2020 11:30:00 AM","1.31","1.28","4.72","2.17"
"2/02/2020 11:15:00 AM","1.13","1.34","4.28","2.28"
"2/02/2020 11:00:00 AM","1.25","1.16","4.63","2.31"
"2/02/2020 10:45:00 AM","1.47","1.22","4.78","2.42"
"2/02/2020 10:30:00 AM","1.06","1.22","4.53","2.27"
"2/02/2020 10:15:00 AM","1.16","1.22","4.34","2.00"
"2/02/2020 10:00:00 AM","1.19","1.22","4.06","1.88"
"2/02/2020 9:45:01 AM","1.09","1.25","3.88","1.84"
"2/02/2020 9:30:00 AM","1.28","1.19","3.88","2.16"
"2/02/2020 9:15:00 AM","0.97","1.25","4.03","1.81"
"2/02/2020 9:00:00 AM","1.06","1.09","4.09","1.69"
"2/02/2020 8:45:00 AM","1.16","1.19","3.38","1.70"
"2/02/2020 8:30:00 AM","1.16","1.19","3.19","1.69"
"2/02/2020 8:15:00 AM","1.03","1.22","3.28","1.72"
"2/02/2020 8:00:00 AM","1.19","1.16","3.25","1.70"
"2/02/2020 7:45:00 AM","1.09","1.28","3.22","1.58"
"2/02/2020 7:30:00 AM","1.06","1.03","3.19","1.06"
"2/02/2020 7:15:00 AM","1.16","1.13","3.22","0.80"
"2/02/2020 7:00:00 AM","1.09","1.16","2.81","0.80"
"2/02/2020 6:45:00 AM","1.13","1.28","3.09","0.83"
"2/02/2020 6:30:00 AM","0.78","1.09","3.03","0.83"
"2/02/2020 6:15:00 AM","0.72","1.19","3.00","0.81"
"2/02/2020 6:00:00 AM","1.00","1.19","2.72","0.80"
"2/02/2020 5:45:00 AM","0.59","1.16","2.84","0.78"
"2/02/2020 5:30:00 AM","1.00","1.09","2.81","0.81"
"2/02/2020 5:15:00 AM","0.63","1.09","2.88","0.78"
"2/02/2020 5:00:00 AM","0.97","0.97","2.63","0.78"
"2/02/2020 4:45:00 AM","0.56","1.03","2.91","0.86"
"2/02/2020 4:30:00 AM","0.81","1.00","2.88","0.83"
"2/02/2020 4:15:00 AM","0.78","1.19","2.88","0.77"
"2/02/2020 4:00:00 AM","0.63","1.06","2.69","0.83"
"2/02/2020 3:45:00 AM","0.94","0.91","2.97","0.83"
"2/02/2020 3:30:00 AM","0.78","1.00","2.88","0.77"
"2/02/2020 3:15:00 AM","0.78","1.22","3.13","1.00"
"2/02/2020 3:00:00 AM","0.72","1.06","3.34","1.09"
"2/02/2020 2:45:00 AM","1.03","1.00","3.56","1.08"
"2/02/2020 2:30:00 AM","0.84","0.91","3.53","1.11"
"2/02/2020 2:15:00 AM","1.16","1.06","3.38","1.08"
"2/02/2020 2:00:00 AM","1.22","1.19","3.38","1.06"
"2/02/2020 1:45:00 AM","1.31","1.19","3.47","1.09"
"2/02/2020 1:30:00 AM","1.59","1.44","3.47","1.11"
"2/02/2020 1:15:00 AM","1.94","1.44","3.63","1.11"
"2/02/2020 1:00:00 AM","1.75","1.66","3.44","1.00"
"2/02/2020 12:45:00 AM","1.50","2.00","3.44","0.88"
"2/02/2020 12:30:00 AM","1.13","1.91","3.53","0.84"
"2/02/2020 12:15:00 AM","0.97","0.97","3.56","0.81"
"2/02/2020 12:00:00 AM","1.00","1.00","3.50","0.80"
"1/02/2020 11:45:00 PM","1.00","1.09","3.63","0.78"
"1/02/2020 11:30:00 PM","1.28","1.28","3.59","0.84"
"1/02/2020 11:15:00 PM","1.06","0.94","3.72","0.81"
"1/02/2020 11:00:00 PM","1.31","1.00","3.59","1.28"
"1/02/2020 10:45:00 PM","1.06","1.03","3.63","1.48"
"1/02/2020 10:30:00 PM","1.09","1.19","3.56","1.50"
"1/02/2020 10:15:00 PM","1.19","1.06","3.63","1.52"
"1/02/2020 10:00:00 PM","1.16","1.16","4.34","1.52"
"1/02/2020 9:45:00 PM","1.13","0.97","4.25","1.69"
"1/02/2020 9:30:00 PM","1.34","1.09","4.25","1.63"
"1/02/2020 9:15:01 PM","0.94","1.06","4.31","1.59"
"1/02/2020 9:15:00 PM","0.94","1.06","4.31","1.53"
"1/02/2020 9:00:00 PM","1.22","1.06","4.44","1.53"
"1/02/2020 8:45:00 PM","1.19","1.09","4.22","1.69"
"1/02/2020 8:30:00 PM","1.22","1.19","4.06","1.66"
"1/02/2020 8:15:00 PM","1.09","1.16","4.16","1.63"
"1/02/2020 8:00:00 PM","1.22","1.06","4.38","1.64"
"1/02/2020 7:45:00 PM","1.13","1.09","4.19","1.70"
"1/02/2020 7:30:00 PM","1.13","1.16","4.31","1.80"
"1/02/2020 7:15:00 PM","1.38","1.09","4.44","1.61"
"1/02/2020 7:00:00 PM","0.97","1.22","4.50","1.44"
"1/02/2020 6:45:00 PM","1.19","0.97","4.25","1.72"
"1/02/2020 6:30:00 PM","1.19","1.16","4.41","1.69"
"1/02/2020 6:15:00 PM","1.44","1.16","4.56","1.69"
"1/02/2020 6:00:00 PM","1.28","1.19","4.28","1.58"
"1/02/2020 5:45:00 PM","1.34","1.28","5.06","1.58"
"1/02/2020 5:30:00 PM","1.78","1.41","5.06","1.77"
"1/02/2020 5:15:00 PM","1.97","1.88","5.38","1.77"
"1/02/2020 5:00:00 PM","2.19","1.81","5.66","1.75"
"1/02/2020 4:45:00 PM","2.06","1.50","5.31","1.70"
"1/02/2020 4:30:00 PM","2.16","1.66","5.34","1.92"
"1/02/2020 4:15:00 PM","2.03","1.84","5.50","2.03"
"1/02/2020 4:00:00 PM","1.84","1.84","5.38","1.80"
"1/02/2020 3:45:00 PM","1.94","1.78","5.16","1.89"
"1/02/2020 3:30:00 PM","1.66","1.78","5.38","2.13"
"1/02/2020 3:15:00 PM","2.00","2.03","5.19","1.95"
"1/02/2020 3:00:00 PM","1.81","2.16","5.09","1.92"
"1/02/2020 2:45:00 PM","1.75","2.16","5.31","1.94"
"1/02/2020 2:30:00 PM","2.25","2.28","5.28","2.25"
"1/02/2020 2:15:00 PM","1.81","2.41","5.41","2.19"
"1/02/2020 2:00:00 PM","2.06","2.25","5.50","2.17"
"1/02/2020 1:45:00 PM","2.13","2.41","5.56","2.23"
"1/02/2020 1:30:00 PM","1.88","2.59","5.56","2.39"
"1/02/2020 1:15:00 PM","2.13","2.38","5.34","2.52"
"1/02/2020 1:00:00 PM","2.34","2.56","5.66","2.56"
"1/02/2020 12:45:00 PM","2.59","2.44","5.69","2.58"
"1/02/2020 12:30:00 PM","2.72","2.56","5.94","2.80"
"1/02/2020 12:15:00 PM","2.56","2.56","5.63","2.83"
"1/02/2020 12:00:00 PM","2.50","2.47","5.91","3.02"
"1/02/2020 11:45:00 AM","2.56","2.69","6.00","3.27"
"1/02/2020 11:30:00 AM","2.53","2.59","6.19","3.44"
"1/02/2020 11:15:00 AM","2.47","2.41","6.03","3.33"
"1/02/2020 11:00:00 AM","2.25","2.22","6.09","3.41"
"1/02/2020 10:45:00 AM","1.84","2.09","6.22","3.14"
"1/02/2020 10:30:00 AM","1.81","1.97","5.81","2.77"
"1/02/2020 10:15:00 AM","1.72","1.97","5.66","3.11"
"1/02/2020 10:00:00 AM","2.03","2.22","5.41","3.27"
"1/02/2020 9:45:00 AM","1.69","2.00","5.53","3.42"
"1/02/2020 9:30:00 AM","1.78","2.09","5.53","3.66"
"1/02/2020 9:15:00 AM","1.63","1.81","5.66","4.03"
"1/02/2020 9:00:00 AM","1.47","1.66","5.50","4.33"
"1/02/2020 8:45:01 AM","1.25","1.69","6.28","4.47"
"1/02/2020 8:30:00 AM","1.53","1.56","5.88","1.72"
"1/02/2020 8:15:00 AM","1.41","1.41","5.81","1.45"
"1/02/2020 8:00:00 AM","1.34","1.44","5.84","1.47"
"1/02/2020 7:45:00 AM","1.41","1.25","5.31","1.30"
"1/02/2020 7:30:00 AM","1.34","1.34","4.03","0.94"
"1/02/2020 7:15:00 AM","1.44","1.44","4.03","0.94"
"1/02/2020 7:00:00 AM","1.41","1.28","4.19","1.11"
"1/02/2020 6:45:00 AM","1.47","1.19","3.81","1.00"
"1/02/2020 6:30:00 AM","1.00","1.34","4.19","0.89"
"1/02/2020 6:15:00 AM","1.41","1.47","4.09","0.86"
"1/02/2020 6:00:00 AM","1.28","1.19","4.34","0.97"
"1/02/2020 5:45:00 AM","1.47","1.34","5.28","1.33"
"1/02/2020 5:30:00 AM","1.41","1.28","4.91","1.53"
"1/02/2020 5:15:00 AM","0.84","1.03","5.00","1.20"
"1/02/2020 5:00:00 AM","1.13","1.28","5.25","1.72"
"1/02/2020 4:45:00 AM","0.91","1.09","5.19","1.14"
"1/02/2020 4:30:00 AM","0.91","1.25","5.63","1.59"
"1/02/2020 4:15:00 AM","1.16","1.28","5.56","1.38"
"1/02/2020 4:00:00 AM","0.91","1.28","5.09","1.14"
"1/02/2020 3:45:00 AM","1.13","1.03","3.88","1.00"
"1/02/2020 3:30:00 AM","0.94","1.16","3.94","1.09"
"1/02/2020 3:15:00 AM","1.03","1.13","3.97","1.22"
"1/02/2020 3:00:00 AM","1.09","1.19","4.06","0.89"
"1/02/2020 2:45:00 AM","1.28","1.19","3.75","0.98"
"1/02/2020 2:30:00 AM","1.41","1.25","3.97","0.86"
"1/02/2020 2:15:00 AM","1.47","1.38","3.72","0.94"
"1/02/2020 2:00:00 AM","1.47","1.69","3.84","0.84"
"1/02/2020 1:45:00 AM","1.66","1.78","3.69","0.91"
"1/02/2020 1:30:00 AM","1.56","1.81","3.75","0.86"
"1/02/2020 1:15:00 AM","1.72","1.72","3.81","0.83"
"1/02/2020 1:00:00 AM","1.69","1.88","3.75","0.89"
"1/02/2020 12:45:00 AM","1.22","1.72","4.00","1.06"
"1/02/2020 12:30:00 AM","1.28","1.47","3.72","1.08"
"1/02/2020 12:15:00 AM","1.41","1.59","3.84","1.11"
"1/02/2020 12:00:00 AM","1.50","1.47","3.72","1.06"
"31/01/2020 11:45:00 PM","1.47","1.75","3.78","1.08"
"31/01/2020 11:30:00 PM","1.47","1.66","3.78","1.03"
"31/01/2020 11:15:00 PM","1.59","1.47","3.72","1.06"
"31/01/2020 11:00:00 PM","1.53","1.63","3.78","1.05"
"31/01/2020 10:45:00 PM","1.66","1.81","3.63","1.08"
"31/01/2020 10:30:00 PM","1.75","2.09","4.53","1.86"
"31/01/2020 10:15:00 PM","1.66","2.00","4.94","2.56"
"31/01/2020 10:00:00 PM","1.84","2.34","4.75","2.84"
"31/01/2020 9:45:00 PM","1.88","2.19","4.91","3.02"
"31/01/2020 9:30:00 PM","1.84","2.38","5.19","3.14"
"31/01/2020 9:15:00 PM","1.91","2.31","5.34","3.22"
"31/01/2020 9:00:00 PM","2.28","2.38","5.69","3.31"
"31/01/2020 8:45:00 PM","1.91","2.28","5.97","3.33"
"31/01/2020 8:30:00 PM","1.84","2.13","5.91","2.83"
"31/01/2020 8:15:01 PM","2.13","2.09","6.66","3.52"
"31/01/2020 8:15:00 PM","2.13","2.53","6.41","3.52"
"31/01/2020 8:00:00 PM","2.47","2.53","6.41","3.66"
"31/01/2020 7:45:00 PM","2.69","2.50","6.56","4.03"
"31/01/2020 7:30:00 PM","2.66","2.78","6.44","4.00"
"31/01/2020 7:15:00 PM","3.22","2.91","6.66","4.19"
